id,temperatura,ph,value_R,value_R_desv,value_G,value_G_desv,value_B,value_B_desv,value_I,value_I_desv,photo_src,date,lectura_id,nombre,cluster,fase
1,23.125,6.852083,101.892384,25.01975395401833,233.677984,34.04557301171099,103.155872,23.83494717419244,179.657936,29.216947414469978,photos/2025/02/12/photo_20250212_085555.jpg,2025-02-12 08:56:06,0,Cultivo1,0,Exponential
2,23.1875,6.842318,87.590816,23.668582438126705,228.271136,35.56772724352097,90.51736,21.193142109044235,171.059024,29.50038244103666,photos/2025/02/12/photo_20250212_090000.jpg,2025-02-12 09:00:11,9,Cultivo1,0,Exponential
3,23.1875,6.832552,99.677456,25.81214548791975,234.667168,34.90203625663947,102.559408,25.618077628269923,179.804352,30.26983597345873,photos/2025/02/12/photo_20250212_090129.jpg,2025-02-12 09:01:41,0,Cultivo1,0,Exponential
4,23.25,6.813021,236.944064,32.12306112347327,251.90128,11.306549533858684,228.19976,29.73218712378731,243.1828,18.05245623620232,photos/2025/02/12/photo_20250212_090735.jpg,2025-02-12 09:07:46,0,Cultivo1,2,Lag
5,23.25,6.926953,164.245376,32.50337370192184,248.113008,24.67749641256049,160.447904,39.53184294487956,212.349728,27.187835410823272,photos/2025/02/12/photo_20250212_091007.jpg,2025-02-12 09:10:18,0,Cultivo1,2,Lag
6,23.3125,6.891146,226.477888,37.090427170608,251.197872,16.567795226632178,202.992768,39.93278681809543,233.988928,23.693348379045457,photos/2025/02/12/photo_20250212_091113.jpg,2025-02-12 09:11:25,0,Cultivo1,2,Lag
7,23.3125,6.835808,232.746912,24.336434008995155,251.847376,13.713496487571064,233.976768,42.35182558596802,244.399184,19.050590230597688,photos/2025/02/12/photo_20250212_091215.jpg,2025-02-12 09:12:26,0,Cultivo1,2,Lag
8,23.3125,6.907422,236.670368,24.20805888400505,251.709808,12.949511674311738,237.155888,39.13260715496191,245.727024,18.210250193323105,photos/2025/02/12/photo_20250212_091337.jpg,2025-02-12 09:13:48,0,Cultivo1,2,Lag
9,23.5625,7.047396,109.872416,22.26558442381749,205.304672,34.237310743871454,94.550816,23.85966123655036,161.337008,29.065831651751097,photos/2025/02/12/photo_20250212_094256.jpg,2025-02-12 09:43:08,0,Cultivo1,0,Exponential
10,23.5625,7.09948,57.196928,29.949078789731345,225.75264,35.40132241923175,161.344592,17.409372285146183,187.294512,31.374896440974208,photos/2025/02/12/photo_20250212_094426.jpg,2025-02-12 09:44:37,0,Cultivo1,0,Exponential
11,23.625,7.079948,113.227808,16.23440596047789,219.924832,35.46960633798712,41.82152,24.453625161009075,154.525536,26.99194020282173,photos/2025/02/12/photo_20250212_094647.jpg,2025-02-12 09:46:59,0,Cultivo1,0,Exponential
12,23.6875,7.148308,80.221776,28.64357683798585,225.693248,34.52804702282618,152.48792,20.18786525132917,187.165952,30.88122037636621,photos/2025/02/12/photo_20250212_094808.jpg,2025-02-12 09:48:20,0,Cultivo1,0,Exponential
13,23.75,7.174349,81.53168,29.186037178805623,227.403088,34.57925852392234,154.796624,20.63450014847949,189.007744,31.115563244628305,photos/2025/02/12/photo_20250212_100002.jpg,2025-02-12 10:00:13,10,Cultivo1,0,Exponential
14,24.25,7.744011,82.267952,29.91983974543607,227.391696,35.21919701304367,155.502368,20.42901372376297,189.293216,31.682491448390607,photos/2025/02/12/photo_20250212_110002.jpg,2025-02-12 11:00:13,11,Cultivo1,0,Exponential
15,24.875,8.072786,81.917488,31.458724075838543,227.075504,35.43253526274946,156.889984,22.408037659952644,189.488752,32.376108498127074,photos/2025/02/12/photo_20250212_120002.jpg,2025-02-12 12:00:13,12,Cultivo1,0,Exponential
16,25.375,7.770052,83.325776,29.89229513152846,229.04424,34.85246818838517,157.73736,20.824590800249208,191.051696,31.48587034724598,photos/2025/02/12/photo_20250212_130002.jpg,2025-02-12 13:00:13,13,Cultivo1,0,Exponential
17,25.875,8.300652,78.658032,29.24413150196012,224.59192,35.13063459024901,152.731008,19.9314770623498,186.401216,31.367963047053983,photos/2025/02/12/photo_20250212_140002.jpg,2025-02-12 14:00:13,14,Cultivo1,0,Exponential
18,26.25,8.447136,77.783152,29.081520893818467,224.074016,35.18398854069481,152.13968,20.4697959184965,185.828848,31.419811886656746,photos/2025/02/12/photo_20250212_150002.jpg,2025-02-12 15:00:13,15,Cultivo1,0,Exponential
19,26.625,8.486198,73.551136,29.99793500655777,219.96192,36.57644780338298,148.323344,20.95493052027384,181.798752,32.57754335800193,photos/2025/02/12/photo_20250212_160002.jpg,2025-02-12 16:00:13,16,Cultivo1,0,Exponential
20,26.8125,8.544792,72.167088,29.092270697880974,216.604624,36.03597199769453,144.946096,19.559878977137256,178.653088,31.83467901619641,photos/2025/02/12/photo_20250212_170002.jpg,2025-02-12 17:00:13,17,Cultivo1,0,Exponential
21,26.9375,8.645703,67.281056,29.09049793811745,211.041104,36.27049388223414,140.366128,19.569568608553023,173.47848,31.950773150107025,photos/2025/02/12/photo_20250212_180002.jpg,2025-02-12 18:00:13,18,Cultivo1,0,Exponential
22,27.0625,8.697786,65.332192,28.73115502855088,208.514544,36.02064736331184,138.417376,19.16716902610128,171.199936,31.660290232338426,photos/2025/02/12/photo_20250212_190002.jpg,2025-02-12 19:00:13,19,Cultivo1,0,Exponential
23,27.125,8.740105,65.929152,29.13140295217489,207.663392,36.81549770211365,137.776496,19.39037958784964,170.568864,32.292076702335265,photos/2025/02/12/photo_20250212_200002.jpg,2025-02-12 20:00:13,20,Cultivo1,0,Exponential
24,27.1875,8.697786,64.48488,29.2530507566521,207.172736,36.80595846156304,137.366144,19.071559857169525,170.000304,32.27601982753735,photos/2025/02/12/photo_20250212_210002.jpg,2025-02-12 21:00:13,21,Cultivo1,0,Exponential
25,27.1875,8.769402,61.087392,28.462630322814228,203.736176,36.14867185522898,134.412896,18.493788217624207,166.719376,31.597178895759413,photos/2025/02/12/photo_20250212_220002.jpg,2025-02-12 22:00:13,22,Cultivo1,0,Exponential
26,27.1875,8.769402,61.503184,29.16658788331169,203.474272,36.83976625970931,134.446416,18.9364935999816,166.628176,32.274997922742365,photos/2025/02/12/photo_20250212_230002.jpg,2025-02-12 23:00:13,23,Cultivo1,0,Exponential
27,27.125,8.733594,60.466848,29.831831689183552,203.028464,37.62627004900571,134.265168,19.22974126047712,166.194784,32.96490271778978,photos/2025/02/13/photo_20250213_000002.jpg,2025-02-13 00:00:13,0,Cultivo1,0,Exponential
28,27.0625,8.704297,58.181104,28.566393159627275,199.584192,36.18929874572228,131.15136,18.05975285936061,162.98888,31.61249658514177,photos/2025/02/13/photo_20250213_010002.jpg,2025-02-13 01:00:13,1,Cultivo1,0,Exponential
29,27.0,8.730339,58.275376,29.2656112939063,197.361056,36.9193977004618,129.419728,18.27568417484347,161.178384,32.292958042714886,photos/2025/02/13/photo_20250213_020002.jpg,2025-02-13 02:00:13,2,Cultivo1,0,Exponential
30,27.0,8.798698,53.765536,28.09119941352622,194.772416,35.922220164167804,127.263248,16.80263796648324,158.50288,31.183889810374843,photos/2025/02/13/photo_20250213_030002.jpg,2025-02-13 03:00:13,3,Cultivo1,0,Exponential
31,26.875,8.691277,53.5656,28.751709208029773,193.03536,36.52288966758243,125.782336,17.03263222875431,157.0172,31.75644526958268,photos/2025/02/13/photo_20250213_040002.jpg,2025-02-13 04:00:13,4,Cultivo1,0,Exponential
32,26.8125,8.671745,54.067408,28.80001418621873,192.728496,36.68844130755604,125.43856,16.92478561641287,156.793872,31.86355095163777,photos/2025/02/13/photo_20250213_050002.jpg,2025-02-13 05:00:13,5,Cultivo1,0,Exponential
33,26.6875,8.655469,50.339104,28.37261374874187,189.035936,35.8922599539776,122.184448,15.560686375516472,153.23072,31.120965285183555,photos/2025/02/13/photo_20250213_060002.jpg,2025-02-13 06:00:13,6,Cultivo1,0,Exponential
34,26.5625,8.450391,49.3528,28.53171246280012,187.222096,36.11381742999186,120.687936,15.736265762880342,151.604608,31.31046523394912,photos/2025/02/13/photo_20250213_070002.jpg,2025-02-13 07:00:13,7,Cultivo1,0,Exponential
35,26.5,8.427605,48.058928,28.13263785136232,183.179088,35.49135837761435,117.090064,14.975560873997876,148.008288,30.752846946405725,photos/2025/02/13/photo_20250213_080002.jpg,2025-02-13 08:00:13,8,Cultivo1,0,Exponential
36,26.375,8.723828,43.609472,27.13916453375822,178.782112,34.19228048579761,113.55064,13.305850738724525,143.861568,29.493990245156315,photos/2025/02/13/photo_20250213_090002.jpg,2025-02-13 09:00:13,9,Cultivo1,0,Exponential
37,26.3125,8.707552,42.68728,27.07882129122049,177.46256,34.26140204729515,112.365488,12.887043345996783,142.624464,29.46934374418107,photos/2025/02/13/photo_20250213_100002.jpg,2025-02-13 10:00:13,10,Cultivo1,0,Exponential
38,26.1875,8.339714,43.487504,28.65893848157144,177.247536,36.073066156465046,112.363248,13.9897889851843,142.586672,31.13889285065248,photos/2025/02/13/photo_20250213_110002.jpg,2025-02-13 11:00:13,11,Cultivo1,0,Exponential
39,26.3125,8.34948,42.051824,26.75086696356588,172.026128,34.086228147561535,107.58176,12.13033825880482,137.927168,29.172956920747268,photos/2025/02/13/photo_20250213_120002.jpg,2025-02-13 12:00:13,12,Cultivo1,0,Exponential
40,26.3125,8.681511,40.114992,26.936213434573464,170.487168,34.25621081409583,106.121152,12.173044682409408,136.36728,29.32993831227062,photos/2025/02/13/photo_20250213_130002.jpg,2025-02-13 13:00:13,13,Cultivo1,0,Exponential
41,26.4375,8.704297,38.763536,27.215590343790527,167.774592,34.54997411335551,103.845824,12.2176464499798,133.936544,29.59358966627847,photos/2025/02/13/photo_20250213_140002.jpg,2025-02-13 14:00:13,14,Cultivo1,0,Exponential
42,26.625,8.671745,36.764784,25.370879307784666,164.481024,32.6978165618352,100.460768,11.191910714142782,130.762832,27.817386062313187,photos/2025/02/13/photo_20250213_150002.jpg,2025-02-13 15:00:13,15,Cultivo1,0,Exponential
43,26.6875,8.788933,35.33984,28.0298523956282,163.462016,35.467146899852885,99.688464,11.967076032782613,129.768656,30.32625106988439,photos/2025/02/13/photo_20250213_160002.jpg,2025-02-13 16:00:13,16,Cultivo1,0,Exponential
44,26.8125,8.814974,33.940464,25.36617685583699,159.082784,32.928711769659984,95.56928,10.898152112386027,125.802416,27.92055960332716,photos/2025/02/13/photo_20250213_170002.jpg,2025-02-13 17:00:13,17,Cultivo1,0,Exponential
45,26.875,8.841016,32.150304,26.41380354929475,157.741136,34.00149334116818,94.476208,10.86512810359749,124.484368,28.850419124175232,photos/2025/02/13/photo_20250213_180002.jpg,2025-02-13 18:00:13,18,Cultivo1,0,Exponential
46,26.875,8.876823,32.310304,26.639098480918907,156.5844,33.96868576556945,93.000352,10.912766808998716,123.385968,28.90207474737715,photos/2025/02/13/photo_20250213_190002.jpg,2025-02-13 19:00:13,19,Cultivo1,0,Exponential
47,26.875,8.798698,31.53192,25.336553024183537,154.673568,33.23954467421863,91.635856,10.435854594310904,121.759472,28.03320863335512,photos/2025/02/13/photo_20250213_200002.jpg,2025-02-13 20:00:13,20,Cultivo1,0,Exponential
48,26.8125,8.766146,28.135216,24.27923905430844,150.115824,32.25400701929954,87.238912,9.522468830788789,117.383472,27.015760830026903,photos/2025/02/13/photo_20250213_210002.jpg,2025-02-13 21:00:13,21,Cultivo1,0,Exponential
49,26.8125,8.814974,29.070736,25.199469770553826,150.215248,33.21607930353153,87.299712,9.849189429506572,117.56904,27.90221986649808,photos/2025/02/13/photo_20250213_220002.jpg,2025-02-13 22:00:13,22,Cultivo1,0,Exponential
50,26.8125,8.850781,28.121296,23.39803145803305,145.6504,31.473968225185715,82.791664,9.068785546057642,113.435712,26.244129154023305,photos/2025/02/13/photo_20250213_230002.jpg,2025-02-13 23:00:13,23,Cultivo1,0,Exponential
51,26.75,8.792188,27.75304,24.23258042620009,145.976848,32.502586604528815,83.244912,9.309610666316829,113.720528,27.113435035074698,photos/2025/02/14/photo_20250214_000002.jpg,2025-02-14 00:00:13,0,Cultivo1,0,Exponential
52,26.6875,8.769402,26.734784,23.593120626249,145.164192,32.05206241394048,82.392208,8.849258300747245,112.870592,26.62113787142721,photos/2025/02/14/photo_20250214_010002.jpg,2025-02-14 01:00:13,1,Cultivo1,0,Exponential
53,26.625,8.720573,26.1888,22.48310046067348,140.3128,30.84051640553381,77.802208,8.395067275489817,108.590128,25.5079762612328,photos/2025/02/14/photo_20250214_020002.jpg,2025-02-14 02:00:13,2,Cultivo1,0,Exponential
54,26.5,8.772656,24.063408,22.703100198660096,138.759824,31.451673079329566,76.53264,8.344806973533661,107.055792,25.92343633187421,photos/2025/02/14/photo_20250214_030002.jpg,2025-02-14 03:00:13,3,Cultivo1,0,Exponential
55,26.5,8.671745,24.776864,23.134118601782607,139.266256,31.872582382707307,77.028784,8.618833466630157,107.584768,26.322794957720124,photos/2025/02/14/photo_20250214_040002.jpg,2025-02-14 04:00:13,4,Cultivo1,0,Exponential
56,26.4375,8.684766,23.390752,21.681715906023307,134.55544,30.11673259844766,72.608864,7.869907297706625,103.334,24.77315991148485,photos/2025/02/14/photo_20250214_050002.jpg,2025-02-14 05:00:13,5,Cultivo1,0,Exponential
57,26.25,8.707552,23.169488,22.071390914678304,135.673632,30.806722576875583,73.641616,7.842042196893358,104.276544,25.29324849472808,photos/2025/02/14/photo_20250214_060002.jpg,2025-02-14 06:00:13,6,Cultivo1,0,Exponential
58,26.25,8.81823,23.38768,22.99895382826132,135.971248,31.82385352722853,73.939248,8.251503148978372,104.564384,26.211664554174043,photos/2025/02/14/photo_20250214_070002.jpg,2025-02-14 07:00:13,7,Cultivo1,0,Exponential
59,26.1875,8.606641,22.425648,21.3478191273372,131.230624,30.32385141387261,69.670864,7.578505906845755,100.394416,24.758769679023715,photos/2025/02/14/photo_20250214_080002.jpg,2025-02-14 08:00:13,8,Cultivo1,0,Exponential
60,26.125,8.492708,22.527232,22.71195197467836,131.657664,31.35275461682919,70.144352,7.824552793494079,100.799424,25.79193411259078,photos/2025/02/14/photo_20250214_090002.jpg,2025-02-14 09:00:13,9,Cultivo1,0,Exponential
61,26.1875,8.606641,21.0136,21.577294438910176,129.424352,30.525180513472744,68.077024,7.501846641994224,98.698032,24.921990918202663,photos/2025/02/14/photo_20250214_100002.jpg,2025-02-14 10:00:13,10,Cultivo1,0,Exponential
62,26.1875,8.59362,21.25544,22.412569500333863,129.292928,31.405823937397592,68.652448,7.755022011986814,98.80736,25.72397997648109,photos/2025/02/14/photo_20250214_110002.jpg,2025-02-14 11:00:13,11,Cultivo1,0,Exponential
63,26.25,8.652214,20.921632,21.036384880425057,125.66832,29.99992913954297,64.815568,7.152230593079057,95.506,24.411766589085683,photos/2025/02/14/photo_20250214_120002.jpg,2025-02-14 12:00:13,12,Cultivo1,0,Exponential
64,26.375,8.909375,19.806288,20.60585699543273,124.696864,30.007008457450468,64.123424,6.956647156573058,94.597152,24.266770396756467,photos/2025/02/14/photo_20250214_130002.jpg,2025-02-14 13:00:13,13,Cultivo1,0,Exponential
65,26.5625,8.977735,20.91272,20.638095929903614,124.00824,30.056188648968785,63.621936,7.083249974524406,94.169104,24.33363425050159,photos/2025/02/14/photo_20250214_140002.jpg,2025-02-14 14:00:13,14,Cultivo1,0,Exponential
66,26.625,9.052605,20.187408,19.72388585481309,122.430704,29.42868610836005,61.904048,6.7635042870937845,92.652416,23.65171252495142,photos/2025/02/14/photo_20250214_150002.jpg,2025-02-14 15:00:13,15,Cultivo1,0,Exponential
67,26.75,9.091667,19.36464,21.126567828500303,121.857968,30.34750683187955,61.628576,6.987178949361466,92.13776,24.636951073182736,photos/2025/02/14/photo_20250214_160002.jpg,2025-02-14 16:00:13,16,Cultivo1,0,Exponential
68,26.75,8.964714,18.196496,20.797450740789937,118.86664,30.23754102288081,59.225696,6.910626984723167,89.527024,24.436682379231108,photos/2025/02/14/photo_20250214_170002.jpg,2025-02-14 17:00:13,17,Cultivo1,0,Exponential
69,26.8125,9.049349,18.276704,21.5862499362534,120.040816,31.031946088734816,60.52664,6.878163337431294,90.61192,25.14134956428553,photos/2025/02/14/photo_20250214_180002.jpg,2025-02-14 18:00:13,18,Cultivo1,0,Exponential
70,26.875,9.075391,17.615952,19.37483373250403,116.58616,29.24307809472868,56.881232,6.450814145028208,87.431104,23.38702762946125,photos/2025/02/14/photo_20250214_190002.jpg,2025-02-14 19:00:13,19,Cultivo1,0,Exponential
71,26.875,9.153516,17.6084,19.54341147365055,115.323696,29.411487906931605,56.419328,6.516198388631212,86.543376,23.5456375263577,photos/2025/02/14/photo_20250214_200002.jpg,2025-02-14 20:00:13,20,Cultivo1,0,Exponential
72,26.875,9.111198,17.504528,18.53755056108719,114.052016,28.73346366757311,55.091056,6.076000946117109,85.392176,22.80795874218085,photos/2025/02/14/photo_20250214_210002.jpg,2025-02-14 21:00:13,21,Cultivo1,0,Exponential
73,26.875,9.075391,16.70696,19.62781827749748,115.799936,29.970825921150457,57.050256,6.311647610442142,86.904576,23.882756588388705,photos/2025/02/14/photo_20250214_220002.jpg,2025-02-14 22:00:13,22,Cultivo1,0,Exponential
74,26.75,9.078646,17.217952,19.4581125722734,113.145296,29.488563089312844,54.891856,6.417694362128505,84.766176,23.558736433370616,photos/2025/02/14/photo_20250214_230002.jpg,2025-02-14 23:00:13,23,Cultivo1,0,Exponential
75,26.8125,9.052605,16.403312,18.35425373066418,111.931136,28.649598840987355,53.69352,5.985078398037573,83.601008,22.685529250690543,photos/2025/02/15/photo_20250215_000002.jpg,2025-02-15 00:00:13,0,Cultivo1,0,Exponential
76,26.6875,9.124219,16.333312,18.83834097153993,113.70024,29.174166927992992,55.4712,5.930976910312162,85.156464,23.146827666371564,photos/2025/02/15/photo_20250215_010002.jpg,2025-02-15 01:00:13,1,Cultivo1,0,Exponential
77,26.6875,9.06888,16.080576,19.40557895138405,111.819392,29.52217425513128,54.00704,6.132846933376374,83.588768,23.53601309147699,photos/2025/02/15/photo_20250215_020002.jpg,2025-02-15 02:00:13,2,Cultivo1,0,Exponential
78,26.5625,9.14375,17.059696,18.752709746404545,112.174272,29.17499527455002,54.038848,6.101271046887198,83.920944,23.13872749631803,photos/2025/02/15/photo_20250215_030002.jpg,2025-02-15 03:00:13,3,Cultivo1,0,Exponential
79,26.5,9.163281,16.002224,17.948775052213005,110.053456,28.52783129605305,52.213584,5.786542582045344,82.008672,22.48132853717538,photos/2025/02/15/photo_20250215_040002.jpg,2025-02-15 04:00:13,4,Cultivo1,0,Exponential
80,26.375,9.228386,15.40336,18.00326139132085,107.839328,28.36086106782401,50.927424,5.799855576684647,80.253072,22.4010693173968,photos/2025/02/15/photo_20250215_050002.jpg,2025-02-15 05:00:13,5,Cultivo1,0,Exponential
81,26.375,9.202344,15.25544,18.65920450779572,109.491328,29.40759148241175,52.098016,5.849642587919368,81.552128,23.2173642490188,photos/2025/02/15/photo_20250215_060002.jpg,2025-02-15 06:00:13,6,Cultivo1,0,Exponential
82,26.25,9.111198,15.820112,19.460518792837973,108.252576,29.84062756317675,51.40056,6.060020487379229,80.683424,23.731746240768377,photos/2025/02/15/photo_20250215_070002.jpg,2025-02-15 07:00:13,7,Cultivo1,0,Exponential
83,26.125,9.042839,15.267472,17.555811520512062,105.912,28.33159931948777,49.808016,5.817608677903319,78.77288,22.265274498770506,photos/2025/02/15/photo_20250215_080002.jpg,2025-02-15 08:00:13,8,Cultivo1,0,Exponential
84,26.125,9.016797,15.194832,17.86083842521353,105.116992,28.64975771052761,48.817696,5.677363515909123,78.00336,22.51700132589595,photos/2025/02/15/photo_20250215_090002.jpg,2025-02-15 09:00:13,9,Cultivo1,0,Exponential
85,26.0,8.97448,14.614528,17.44371276736693,104.193248,28.41247330329579,48.21664,5.578899115167435,77.214112,22.249484579456126,photos/2025/02/15/photo_20250215_100002.jpg,2025-02-15 10:00:13,10,Cultivo1,0,Exponential
86,26.125,8.915886,14.816448,17.281804159705086,103.41352,28.05019659841264,48.17816,5.547240454793356,76.775936,21.989831179977347,photos/2025/02/15/photo_20250215_110002.jpg,2025-02-15 11:00:13,11,Cultivo1,0,Exponential
87,26.125,8.889844,14.328304,18.56566387747188,103.580688,29.03758725250181,48.913856,5.568247882735107,77.0312,22.9365019686961,photos/2025/02/15/photo_20250215_120002.jpg,2025-02-15 12:00:13,12,Cultivo1,0,Exponential
88,26.1875,8.922396,14.932336,17.184492799034366,102.956912,28.23451022107973,47.738544,5.522447064762504,76.382464,22.05385828576723,photos/2025/02/15/photo_20250215_130002.jpg,2025-02-15 13:00:13,13,Cultivo1,0,Exponential
89,26.3125,8.919141,14.68192,16.915126380853795,102.18336,27.84887751975652,47.712912,5.405956077661009,75.899984,21.751023810380605,photos/2025/02/15/photo_20250215_140002.jpg,2025-02-15 14:00:13,14,Cultivo1,0,Exponential
90,26.5,8.97448,14.689584,18.35708653482289,102.1848,29.14404764201432,47.968032,5.491463366621323,75.972528,22.92995100930693,photos/2025/02/15/photo_20250215_150002.jpg,2025-02-15 15:00:13,15,Cultivo1,0,Exponential
91,26.625,9.033073,13.718944,16.679516605899106,99.602032,27.94773589167781,45.105744,5.21231306857752,73.494592,21.71786478348035,photos/2025/02/15/photo_20250215_160002.jpg,2025-02-15 16:00:13,16,Cultivo1,0,Exponential
92,26.75,9.06888,13.837472,16.679392411487417,98.454544,27.623056995055126,44.736704,5.28766570891315,72.723776,21.53578278823001,photos/2025/02/15/photo_20250215_170002.jpg,2025-02-15 17:00:13,17,Cultivo1,0,Exponential
93,26.8125,8.935417,12.984272,17.518084775821357,98.970208,28.6028503551086,45.492944,5.264385304099235,73.155248,22.34722663013234,photos/2025/02/15/photo_20250215_180002.jpg,2025-02-15 18:00:13,18,Cultivo1,0,Exponential
94,26.9375,9.140495,13.788912,17.42232729565875,98.840896,28.625274949198023,45.229712,5.344583974104626,73.091376,22.3550911075447,photos/2025/02/15/photo_20250215_190002.jpg,2025-02-15 19:00:13,19,Cultivo1,0,Exponential
95,26.9375,9.13073,12.685568,15.794534886247712,94.894976,26.796982702525,42.351152,4.99247559006311,69.793456,20.768598112921925,photos/2025/02/15/photo_20250215_200002.jpg,2025-02-15 20:00:13,20,Cultivo1,0,Exponential
96,26.875,9.091667,12.353408,16.839711498024663,96.287584,27.942931833344616,43.466464,5.0545281466756125,70.901424,21.73672345990132,photos/2025/02/15/photo_20250215_210002.jpg,2025-02-15 21:00:13,21,Cultivo1,0,Exponential
97,26.875,9.137239,12.121968,15.941774155070195,95.103776,27.17599909003944,42.913856,4.941085286349144,70.017776,21.023772925282085,photos/2025/02/15/photo_20250215_220002.jpg,2025-02-15 22:00:13,22,Cultivo1,0,Exponential
98,26.875,9.117708,12.288512,16.373521405226917,94.155888,27.59151701033229,42.579024,5.109842348434636,69.379936,21.41968815449712,photos/2025/02/15/photo_20250215_230002.jpg,2025-02-15 23:00:13,23,Cultivo1,0,Exponential
99,26.9375,9.081902,11.794096,17.41916053023176,94.171696,28.28322429433363,42.978496,4.9356065020201925,69.451648,22.10001950415646,photos/2025/02/16/photo_20250216_000002.jpg,2025-02-16 00:00:13,0,Cultivo1,0,Exponential
100,26.75,8.967969,11.894704,16.359411755847947,94.022288,27.53899285095692,42.494432,4.876579205999222,69.231648,21.35454469671728,photos/2025/02/16/photo_20250216_010002.jpg,2025-02-16 01:00:13,1,Cultivo1,0,Exponential
101,26.75,8.977735,12.09208,16.831074562384423,93.33784,27.8752269970022,42.246384,5.031209921440368,68.774128,21.70576711013956,photos/2025/02/16/photo_20250216_020002.jpg,2025-02-16 02:00:13,2,Cultivo1,0,Exponential
102,26.6875,9.042839,13.598528,18.42455653150936,95.674816,29.41066771370797,43.975904,5.353743011502886,70.834848,23.11829242865692,photos/2025/02/16/photo_20250216_030002.jpg,2025-02-16 03:00:13,3,Cultivo1,0,Exponential
103,26.625,9.042839,12.618656,15.98920587131406,93.158912,27.33517402498576,41.818144,4.918938173393116,68.611376,21.144789887502405,photos/2025/02/16/photo_20250216_040002.jpg,2025-02-16 04:00:13,4,Cultivo1,0,Exponential
104,26.5,8.971224,12.600384,15.782100109162151,90.96968,26.825164169070803,40.561872,4.867109517212859,66.94128,20.77291101318253,photos/2025/02/16/photo_20250216_050002.jpg,2025-02-16 05:00:13,5,Cultivo1,0,Exponential
105,26.4375,9.036328,12.836736,15.75746849801249,92.41584,27.015638232223942,41.321488,4.89752272749234,68.044512,20.872217771043307,photos/2025/02/16/photo_20250216_060002.jpg,2025-02-16 06:00:13,6,Cultivo1,0,Exponential
106,26.3125,9.016797,10.521056,15.200502562630753,89.680384,26.378506205100848,40.122384,4.424089131659081,65.819744,20.280934588289167,photos/2025/02/16/photo_20250216_070002.jpg,2025-02-16 07:00:13,7,Cultivo1,0,Exponential
107,26.1875,9.026563,10.922064,15.584309836517496,89.94008,26.7778698479472,40.555632,4.669662726568591,66.147472,20.66558869253949,photos/2025/02/16/photo_20250216_080002.jpg,2025-02-16 08:00:13,8,Cultivo1,0,Exponential
108,26.0625,9.179558,11.403168,16.08348187495929,91.094992,27.103556971732253,41.483184,4.562148568796943,67.157488,20.98187211689786,photos/2025/02/16/photo_20250216_090002.jpg,2025-02-16 09:00:13,9,Cultivo1,0,Exponential
109,26.0,9.195833,11.965264,16.571257541280804,90.760736,27.56523899294733,41.287888,4.749574445179694,66.968576,21.42813413557569,photos/2025/02/16/photo_20250216_100002.jpg,2025-02-16 10:00:13,10,Cultivo1,0,Exponential
110,25.9375,9.208855,12.169824,16.148115590839197,90.93368,27.32776525180205,42.016336,4.755556729660998,67.321744,21.177543219138144,photos/2025/02/16/photo_20250216_110002.jpg,2025-02-16 11:00:13,11,Cultivo1,0,Exponential
111,25.9375,9.104688,12.346048,16.342340499096693,90.32736,27.366161941901897,41.240672,4.789568120582064,66.742432,21.244553060146405,photos/2025/02/16/photo_20250216_120002.jpg,2025-02-16 12:00:13,12,Cultivo1,0,Exponential
112,26.0625,9.042839,12.232912,17.82124555696554,92.40656,28.84680732709254,43.485344,4.951865103196573,68.636752,22.58162516052589,photos/2025/02/16/photo_20250216_130002.jpg,2025-02-16 13:00:13,13,Cultivo1,0,Exponential
113,26.25,9.101433,11.579392,16.213010973272546,89.247648,27.35002183670236,41.282112,4.685892114671015,66.049408,21.20592423945573,photos/2025/02/16/photo_20250216_140002.jpg,2025-02-16 14:00:13,14,Cultivo1,0,Exponential
114,26.4375,9.049349,11.533696,16.07704221916258,89.201328,27.018700395030404,41.090208,4.618917684867744,65.961504,20.94325948982116,photos/2025/02/16/photo_20250216_150002.jpg,2025-02-16 15:00:13,15,Cultivo1,0,Exponential
115,26.625,9.085156,10.137776,15.801081244874858,87.535936,27.123529058806195,39.865808,4.363749966923403,64.459072,20.908828491783463,photos/2025/02/16/photo_20250216_160002.jpg,2025-02-16 16:00:13,16,Cultivo1,1,Stationary
116,26.6875,9.147005,12.256,15.989193310451157,89.784,27.22683499784725,41.520032,4.7961718067642245,66.508192,21.0820487830556,photos/2025/02/16/photo_20250216_170002.jpg,2025-02-16 17:00:13,17,Cultivo1,0,Exponential
117,26.8125,9.147005,11.127216,14.887701932156489,86.121552,26.025649984415296,38.796208,4.287958032600599,63.416224,19.982358759211184,photos/2025/02/16/photo_20250216_180002.jpg,2025-02-16 18:00:13,18,Cultivo1,1,Stationary
118,26.875,9.277214,10.99768,16.889476603255176,88.12896,27.989694269827243,40.438064,4.688349242281338,65.077568,21.77805278727591,photos/2025/02/16/photo_20250216_190002.jpg,2025-02-16 19:00:13,19,Cultivo1,0,Exponential
119,26.9375,9.22513,11.240752,17.131487954804157,86.549712,27.717509424857347,40.06888,4.69677064316494,64.07472,21.686989669421617,photos/2025/02/16/photo_20250216_200002.jpg,2025-02-16 20:00:13,20,Cultivo1,0,Exponential
120,26.9375,9.260938,10.02768,15.573817546330764,86.167552,26.876479351419817,39.75656,4.168998179131289,63.616112,20.68482975524469,photos/2025/02/16/photo_20250216_210002.jpg,2025-02-16 21:00:13,21,Cultivo1,0,Exponential
121,26.9375,9.260938,10.97864,17.349837520237013,86.741088,28.23931282053896,40.434624,4.66713185483333,64.269936,22.063314314850885,photos/2025/02/16/photo_20250216_220002.jpg,2025-02-16 22:00:13,22,Cultivo1,0,Exponential
122,26.9375,9.244661,10.672336,15.963970704329922,83.867296,26.659932889045013,38.262464,4.38288447293606,61.890768,20.69023161712251,photos/2025/02/16/photo_20250216_230002.jpg,2025-02-16 23:00:13,23,Cultivo1,1,Stationary
123,26.875,9.244661,10.349488,16.506123378006844,85.36376,27.31766810440452,39.597504,4.40287748385712,63.133504,21.23257649655321,photos/2025/02/17/photo_20250217_000002.jpg,2025-02-17 00:00:13,0,Cultivo1,1,Stationary
124,26.8125,9.247917,10.516336,16.37407043948987,86.379008,27.721585541522263,40.654432,4.3798891692717525,64.0628,21.45725071298744,photos/2025/02/17/photo_20250217_010002.jpg,2025-02-17 01:00:13,1,Cultivo1,0,Exponential
125,26.8125,9.179558,10.784112,16.241402350478975,86.568672,27.31470117274608,40.932816,4.430028484271404,64.285392,21.17436429757305,photos/2025/02/17/photo_20250217_020002.jpg,2025-02-17 02:00:13,2,Cultivo1,0,Exponential
126,26.6875,9.127474,10.435408,15.022609226286091,84.232016,26.16830343327102,39.207952,4.1708977299300924,62.350576,20.096428948154543,photos/2025/02/17/photo_20250217_030002.jpg,2025-02-17 03:00:13,3,Cultivo1,1,Stationary
127,26.6875,9.182813,10.409904,16.41728624801846,83.782224,27.112544358909293,39.176432,4.336936558307488,62.076704,21.07336984196841,photos/2025/02/17/photo_20250217_040002.jpg,2025-02-17 04:00:13,4,Cultivo1,1,Stationary
128,26.625,9.13073,10.64856,15.15047020109198,82.72032,26.14970537305535,38.163232,4.274972038083992,61.175264,20.15309491195593,photos/2025/02/17/photo_20250217_050002.jpg,2025-02-17 05:00:13,5,Cultivo1,1,Stationary
129,26.5,9.14375,10.976544,15.376548403489778,83.344928,26.46146724342428,38.658944,4.261702220482328,61.730048,20.37595734972215,photos/2025/02/17/photo_20250217_060002.jpg,2025-02-17 06:00:13,6,Cultivo1,1,Stationary
130,26.3125,8.798698,11.194496,17.43414031593689,86.98704,27.851114305147647,42.281168,4.574450273637696,64.962912,21.829792497416367,photos/2025/02/17/photo_20250217_070002.jpg,2025-02-17 07:00:13,7,Cultivo1,1,Stationary
131,26.1875,8.369011,10.76704,16.066516009014027,85.50088,26.748082533624725,41.026064,4.385514523793074,63.665744,20.765178567170185,photos/2025/02/17/photo_20250217_080002.jpg,2025-02-17 08:00:13,8,Cultivo1,1,Stationary
132,26.25,8.642448,11.658432,17.19263566265696,87.898256,27.91440517292933,43.160944,4.558568558371805,65.810288,21.80351809587288,photos/2025/02/17/photo_20250217_090002.jpg,2025-02-17 09:00:13,9,Cultivo1,1,Stationary
133,26.1875,8.678255,9.779568,15.973315878749284,84.754448,26.72719259883641,41.418736,4.048158313773808,63.225056,20.681559075583834,photos/2025/02/17/photo_20250217_100002.jpg,2025-02-17 10:00:13,10,Cultivo1,1,Stationary
134,26.1875,8.733594,10.986352,17.786590484251445,86.830192,28.268359931965207,43.509744,4.675244349988137,65.210064,22.199469207976662,photos/2025/02/17/photo_20250217_110002.jpg,2025-02-17 11:00:13,11,Cultivo1,1,Stationary
135,26.3125,8.668489,10.692304,16.25450177929745,84.36416,26.817159795444407,41.062896,4.327341351405503,62.992912,20.8431083516892,photos/2025/02/17/photo_20250217_120002.jpg,2025-02-17 12:00:13,12,Cultivo1,1,Stationary
136,26.5,8.342969,11.016352,17.54662978160581,87.02112,28.314041215368743,43.854208,4.472002304571857,65.420128,22.13446119659605,photos/2025/02/17/photo_20250217_130002.jpg,2025-02-17 13:00:13,13,Cultivo1,1,Stationary
137,26.75,8.421094,10.1376,15.763803311840704,83.904432,26.34824386476973,41.66616,4.199612629755273,62.844368,20.42030172844113,photos/2025/02/17/photo_20250217_140002.jpg,2025-02-17 14:00:13,14,Cultivo1,1,Stationary
138,26.9375,8.639193,10.435136,16.366141618654535,83.333792,27.19494024447813,40.655488,4.29167760456258,62.239664,21.09950637259327,photos/2025/02/17/photo_20250217_150002.jpg,2025-02-17 15:00:13,15,Cultivo1,1,Stationary
139,27.0625,8.746614,10.595296,15.996660209023132,83.698688,26.93537085467093,40.737584,4.244260910027092,62.49344,20.84262951180585,photos/2025/02/17/photo_20250217_160002.jpg,2025-02-17 16:00:13,16,Cultivo1,1,Stationary
140,27.0625,8.902864,10.670832,19.433088615329886,85.716176,29.71716332251489,43.253856,4.65008047540857,64.439184,23.52586452001592,photos/2025/02/17/photo_20250217_170002.jpg,2025-02-17 17:00:13,17,Cultivo1,1,Stationary
141,27.125,8.81823,9.937168,18.20783723525845,84.239376,28.803209736600955,42.067344,4.375393483993868,63.140416,22.60645631997514,photos/2025/02/17/photo_20250217_180002.jpg,2025-02-17 18:00:13,18,Cultivo1,1,Stationary
142,27.25,8.873568,10.176064,18.37296092167444,82.849008,28.99486191406912,41.406432,4.447785231764681,62.144448,22.770612613087422,photos/2025/02/17/photo_20250217_190002.jpg,2025-02-17 19:00:13,19,Cultivo1,1,Stationary
143,27.375,8.91263,9.980592,16.540955788780767,80.95632,27.16897959176237,39.70544,4.228704686962191,60.506688,21.13883561766485,photos/2025/02/17/photo_20250217_200002.jpg,2025-02-17 20:00:13,20,Cultivo1,1,Stationary
144,27.3125,8.896355,9.994656,16.14474307947748,81.265504,26.922507528571405,39.691392,4.0984840418945145,60.68416,20.86117746184045,photos/2025/02/17/photo_20250217_210002.jpg,2025-02-17 21:00:13,21,Cultivo1,1,Stationary
145,27.25,8.837761,9.852352,15.327854275541114,78.874512,26.12253610892052,37.638576,3.899705638647102,58.656432,20.125718298470144,photos/2025/02/17/photo_20250217_220002.jpg,2025-02-17 22:00:13,22,Cultivo1,1,Stationary
146,27.25,8.863802,10.202944,16.4504749303356,78.63376,26.76002115586608,38.28392,4.279584761733783,58.746464,20.860438525992304,photos/2025/02/17/photo_20250217_230002.jpg,2025-02-17 23:00:13,23,Cultivo1,1,Stationary
147,27.1875,8.75638,9.359872,17.77472541170119,81.92568,28.701670971175183,41.218432,4.106377009434959,61.43984,22.390934164844484,photos/2025/02/18/photo_20250218_000002.jpg,2025-02-18 00:00:13,0,Cultivo1,1,Stationary
148,27.125,8.821485,9.80256,16.648970067276114,79.412752,27.43697453777468,38.833712,4.131571304770136,59.321216,21.31291937490836,photos/2025/02/18/photo_20250218_010002.jpg,2025-02-18 01:00:13,1,Cultivo1,1,Stationary
149,27.0625,8.795443,9.661216,15.41224061246696,77.204224,25.92219227916157,37.511632,3.855146352778841,57.612784,20.02524805762326,photos/2025/02/18/photo_20250218_020002.jpg,2025-02-18 02:00:13,2,Cultivo1,1,Stationary
150,27.0,8.801953,9.014816,17.82581168630433,78.705136,28.491201435206342,39.095696,4.044334863255514,58.876512,22.25837978636037,photos/2025/02/18/photo_20250218_030002.jpg,2025-02-18 03:00:13,3,Cultivo1,1,Stationary
151,26.9375,8.740105,9.832672,18.571120394377505,80.259728,29.225887383722263,40.436256,4.296447060120257,60.280944,22.94756663502394,photos/2025/02/18/photo_20250218_040002.jpg,2025-02-18 04:00:13,4,Cultivo1,1,Stationary
152,26.8125,8.827995,9.724,16.30236498789841,78.005776,27.10673980097614,38.578688,4.022132767574934,58.404992,21.00919830645463,photos/2025/02/18/photo_20250218_050002.jpg,2025-02-18 05:00:13,5,Cultivo1,1,Stationary
153,26.75,8.769402,9.606592,17.753727980007355,78.944544,28.618939124853387,39.322352,4.21044963697893,59.15704,22.34341268558588,photos/2025/02/18/photo_20250218_060002.jpg,2025-02-18 06:00:13,6,Cultivo1,1,Stationary
154,26.6875,8.613152,9.891088,16.26158973561933,75.909984,26.99398023855956,37.02552,4.105648082368483,56.731504,20.9330817104884,photos/2025/02/18/photo_20250218_070002.jpg,2025-02-18 07:00:13,7,Cultivo1,1,Stationary
155,26.6875,9.081902,9.779792,14.72299962253562,73.355216,25.47925739878115,34.686896,3.861917197032583,54.530896,19.576711609388948,photos/2025/02/18/photo_20250218_080002.jpg,2025-02-18 08:00:13,8,Cultivo1,1,Stationary
156,26.6875,9.036328,9.370592,15.605215747694611,75.62504,26.812630400585466,36.536352,3.8175559680947706,56.362752,20.61962392931781,photos/2025/02/18/photo_20250218_090002.jpg,2025-02-18 09:00:13,9,Cultivo1,1,Stationary
157,26.625,9.179558,9.027728,14.398014105587755,72.513856,25.324957176889043,34.450464,3.667559291683776,53.878736,19.366959881259216,photos/2025/02/18/photo_20250218_100002.jpg,2025-02-18 10:00:13,10,Cultivo1,1,Stationary
158,26.6875,7.691927,9.369184,16.92816351500611,75.468352,27.817148782793968,36.999904,4.029970617032338,56.404064,21.60875665751975,photos/2025/02/18/photo_20250218_110002.jpg,2025-02-18 11:00:13,11,Cultivo1,1,Stationary
159,26.6875,8.522005,8.19216,16.48737606380057,72.613312,27.456493155365926,35.434896,3.620444521657527,54.122528,21.20879050981493,photos/2025/02/18/photo_20250218_120002.jpg,2025-02-18 12:00:13,12,Cultivo1,1,Stationary
160,26.8125,8.727083,9.109888,15.473227665577213,70.776752,26.18133320384002,33.800096,3.742339993567661,52.661968,20.179842377158845,photos/2025/02/18/photo_20250218_130002.jpg,2025-02-18 13:00:13,13,Cultivo1,1,Stationary
161,26.9375,8.870313,9.870736,17.08539896664986,72.75336,27.65463318705204,35.49752,4.172981046961992,54.420656,21.574801425034345,photos/2025/02/18/photo_20250218_140002.jpg,2025-02-18 14:00:13,14,Cultivo1,1,Stationary
162,27.0625,8.863802,8.742352,15.59215430040429,71.212464,26.84540264270037,34.126128,3.644678519169557,52.976912,20.61632195480697,photos/2025/02/18/photo_20250218_150002.jpg,2025-02-18 15:00:13,15,Cultivo1,1,Stationary
163,27.125,8.83125,9.19208,16.81011821379017,72.881392,28.24092286279497,35.65128,3.860041615526962,54.457632,21.819018789867155,photos/2025/02/18/photo_20250218_160002.jpg,2025-02-18 16:00:13,16,Cultivo1,1,Stationary
164,27.125,8.928906,8.000048,15.49461201284937,68.502384,26.423926928383377,32.791792,3.5994199529501976,50.903408,20.32896411491584,photos/2025/02/18/photo_20250218_170002.jpg,2025-02-18 17:00:13,17,Cultivo1,1,Stationary
165,27.125,8.954948,9.213104,15.883017700583729,70.820688,27.27033537026371,33.890288,3.80486145413785,52.734624,20.980028016631056,photos/2025/02/18/photo_20250218_180002.jpg,2025-02-18 18:00:13,18,Cultivo1,1,Stationary
166,27.125,8.932161,7.701984,15.701673583360469,67.278704,26.906175426477542,31.97104,3.396947227106126,49.905232,20.65646385580494,photos/2025/02/18/photo_20250218_190002.jpg,2025-02-18 19:00:13,19,Cultivo1,1,Stationary
167,27.125,9.036328,7.970016,15.083451290907664,69.362544,26.399412755742578,33.306896,3.419140968100613,51.563472,20.19115735427804,photos/2025/02/18/photo_20250218_200002.jpg,2025-02-18 20:00:13,20,Cultivo1,1,Stationary
168,27.125,8.948438,8.163216,14.542702405446382,66.57536,25.65896523382032,31.209568,3.47714833410138,49.326432,19.59149943596396,photos/2025/02/18/photo_20250218_210002.jpg,2025-02-18 21:00:13,21,Cultivo1,1,Stationary
169,27.0,9.046094,7.514448,12.10547644954134,62.487312,23.203535226655788,28.16536,3.139655913519187,45.944272,17.40072683510709,photos/2025/02/18/photo_20250218_220002.jpg,2025-02-18 22:00:13,22,Cultivo1,1,Stationary
170,27.0,9.036328,7.80656,13.32142760055633,63.83912,24.30087055283411,29.265056,3.2360600993183053,47.099344,18.41298853444665,photos/2025/02/18/photo_20250218_230002.jpg,2025-02-18 23:00:13,23,Cultivo1,1,Stationary
171,27.0,9.081902,7.861584,14.229468534066338,65.687744,25.692421298711107,30.626496,3.320909666182445,48.596928,19.515630580711864,photos/2025/02/19/photo_20250219_000002.jpg,2025-02-19 00:00:13,0,Cultivo1,1,Stationary
172,26.875,8.994011,8.1284,15.602011507246624,63.567984,26.5746875461546,29.704912,3.577213641928589,47.103232,20.44134318370924,photos/2025/02/19/photo_20250219_010002.jpg,2025-02-19 01:00:13,1,Cultivo1,1,Stationary
173,26.875,8.994011,7.994944,13.190385549725224,61.9804,24.32091807148735,28.01136,3.33341003131388,45.651984,18.403936667565013,photos/2025/02/19/photo_20250219_020002.jpg,2025-02-19 02:00:13,2,Cultivo1,1,Stationary
174,26.8125,9.007031,7.47152,13.507471887820312,62.281968,24.85324602636396,28.467088,3.195772972161821,45.912656,18.79398635270506,photos/2025/02/19/photo_20250219_030002.jpg,2025-02-19 03:00:13,3,Cultivo1,1,Stationary
175,26.75,9.036328,7.36104,14.642721373961056,64.433184,26.27338972462716,30.201888,3.265049175494912,47.678464,19.97929745012832,photos/2025/02/19/photo_20250219_040002.jpg,2025-02-19 04:00:13,4,Cultivo1,1,Stationary
176,26.6875,8.977735,8.2252,14.1459577794365,62.20552,25.38651077894715,28.63968,3.4575813743135533,46.002,19.32838441256796,photos/2025/02/19/photo_20250219_050002.jpg,2025-02-19 05:00:13,5,Cultivo1,1,Stationary
177,26.6875,9.114453,8.306416,12.40477513501958,59.894848,23.56136870083943,26.70136,3.3286653834448425,44.072192,17.716888336136684,photos/2025/02/19/photo_20250219_060002.jpg,2025-02-19 06:00:13,6,Cultivo1,1,Stationary
178,26.5625,9.081902,7.256224,12.192473585458202,58.881744,23.43593922842573,26.113648,3.055473328606225,43.18832,17.54959120827605,photos/2025/02/19/photo_20250219_070002.jpg,2025-02-19 07:00:13,7,Cultivo1,1,Stationary
179,26.625,8.977735,7.26632,10.749249778490777,55.673008,21.471500837899896,24.061296,2.92202697756198,40.68664,15.960470090520518,photos/2025/02/19/photo_20250219_080002.jpg,2025-02-19 08:00:13,8,Cultivo1,1,Stationary
180,26.6875,8.984245,7.477504,12.147086664792674,58.597728,23.38411087123083,26.336496,3.047410364552828,43.11208,17.514596371986425,photos/2025/02/19/photo_20250219_090002.jpg,2025-02-19 09:00:13,9,Cultivo1,1,Stationary
181,26.625,9.075391,7.207984,14.480411596360096,59.205376,25.69196848625313,27.332,3.20936483680868,43.736128,19.57466535007983,photos/2025/02/19/photo_20250219_100002.jpg,2025-02-19 10:00:13,10,Cultivo1,1,Stationary
182,26.6875,9.303255,6.661792,12.129510751910152,57.086384,23.290555892991133,25.768464,2.876478289286398,41.966864,17.445845064241055,photos/2025/02/19/photo_20250219_110002.jpg,2025-02-19 11:00:13,11,Cultivo1,1,Stationary
183,26.75,9.452995,8.000832,13.236259890675464,58.81872,24.60074473591399,26.879136,3.258141695472436,43.466128,18.571722717282206,photos/2025/02/19/photo_20250219_120002.jpg,2025-02-19 12:00:13,12,Cultivo1,1,Stationary
184,26.9375,8.538281,7.845248,11.955209572116082,55.43496,22.740697126482296,24.818528,3.124789243852456,40.847168,17.08297779603357,photos/2025/02/19/photo_20250219_130002.jpg,2025-02-19 13:00:13,13,Cultivo1,1,Stationary
185,27.1875,8.867058,7.041536,11.786842698263175,56.231024,22.96770506409868,25.12008,2.96444037900984,41.314,17.16098400442119,photos/2025/02/19/photo_20250219_140002.jpg,2025-02-19 14:00:13,14,Cultivo1,1,Stationary
186,27.3125,9.065625,7.050736,10.922436699928088,53.959936,21.843642802332763,23.528992,2.936049362375232,39.503584,16.24358492313024,photos/2025/02/19/photo_20250219_150002.jpg,2025-02-19 15:00:13,15,Cultivo1,1,Stationary
187,27.4375,9.020052,7.098592,11.90594236294196,55.00384,23.300817866641506,24.411952,3.0184193905976686,40.384432,17.40264451275656,photos/2025/02/19/photo_20250219_160002.jpg,2025-02-19 16:00:13,16,Cultivo1,1,Stationary
188,27.5,8.850781,7.013536,12.608296018616311,53.914224,23.64176140810629,23.875712,3.021709578484338,39.579504,17.807632496038995,photos/2025/02/19/photo_20250219_170002.jpg,2025-02-19 17:00:13,17,Cultivo1,1,Stationary
189,27.5625,9.117708,6.945104,9.915456024204635,50.844688,20.50781212569142,21.677008,2.842383934162308,37.113088,15.157401726689704,photos/2025/02/19/photo_20250219_180002.jpg,2025-02-19 18:00:13,18,Cultivo1,1,Stationary
190,27.625,9.042839,7.047552,10.921468719269583,52.04776,21.91338018157856,22.404496,2.911001684523044,38.0452,16.29120170398734,photos/2025/02/19/photo_20250219_190002.jpg,2025-02-19 19:00:13,19,Cultivo1,1,Stationary
191,27.625,9.007031,6.802304,13.22018713931327,53.968304,24.88170740450872,24.078256,3.011044385522073,39.643872,18.72833630752117,photos/2025/02/19/photo_20250219_200002.jpg,2025-02-19 20:00:13,20,Cultivo1,1,Stationary
192,27.625,8.958203,7.2092,11.221811944490248,49.95072,21.88541147617746,21.587136,2.937758900931116,36.591216,16.358755442922423,photos/2025/02/19/photo_20250219_210002.jpg,2025-02-19 21:00:13,21,Cultivo1,1,Stationary
193,27.625,9.010286,6.701152,9.894506146338786,48.709712,20.48054073693017,20.695008,2.701910781816454,35.537184,15.124030459839204,photos/2025/02/19/photo_20250219_220002.jpg,2025-02-19 22:00:13,22,Cultivo1,1,Stationary
194,27.5625,9.029818,6.020176,9.905082937562916,48.14984,20.5588691317008,20.382,2.557222111789275,35.036768,15.162780487568105,photos/2025/02/19/photo_20250219_230002.jpg,2025-02-19 23:00:13,23,Cultivo1,1,Stationary
195,27.5,9.049349,6.669616,9.755498002979856,48.782448,20.479087849005776,20.635184,2.7357570090459427,35.557792,15.085308484904642,photos/2025/02/20/photo_20250220_000002.jpg,2025-02-20 00:00:13,0,Cultivo1,1,Stationary
196,27.5,9.007031,6.531872,9.772123889369391,47.88288,20.503739632213435,20.085104,2.692286792972844,34.848336,15.103186088739818,photos/2025/02/20/photo_20250220_010002.jpg,2025-02-20 01:00:13,1,Cultivo1,1,Stationary
197,27.375,8.967969,7.022,10.875231094744423,47.552672,21.493201754518008,19.978352,2.875242598460172,34.6776,16.02365533328772,photos/2025/02/20/photo_20250220_020002.jpg,2025-02-20 02:00:13,2,Cultivo1,1,Stationary
198,27.3125,8.925652,5.851488,12.559415449317058,50.047056,23.98449986413859,22.218384,2.6455986441363324,36.676,17.96845012793257,photos/2025/02/20/photo_20250220_030002.jpg,2025-02-20 03:00:13,3,Cultivo1,1,Stationary
199,27.25,8.97448,6.05976,8.844762486230142,45.43488,18.963272275258824,18.855776,2.541041664829604,32.991568,13.900823892898435,photos/2025/02/20/photo_20250220_040002.jpg,2025-02-20 04:00:13,4,Cultivo1,1,Stationary
200,27.125,8.945183,6.020128,9.535119402280392,46.205248,20.058474150804592,19.312016,2.554208069757826,33.57496,14.753761181420824,photos/2025/02/20/photo_20250220_050002.jpg,2025-02-20 05:00:13,5,Cultivo1,1,Stationary
201,27.0625,8.883333,5.739552,11.096233777159528,49.346096,22.551406376516383,21.384432,2.565289620938735,36.009616,16.69404551127569,photos/2025/02/20/photo_20250220_060002.jpg,2025-02-20 06:00:13,6,Cultivo1,1,Stationary
202,27.0,8.886589,6.871552,10.391127471915643,48.003968,21.48415714555673,20.38432,2.848929116579772,35.046576,15.883434095818952,photos/2025/02/20/photo_20250220_070002.jpg,2025-02-20 07:00:13,7,Cultivo1,1,Stationary
203,26.9375,8.720573,6.57656,9.458457668246764,46.346656,20.090526066224943,19.306272,2.672043893052657,33.720192,14.765598243320046,photos/2025/02/20/photo_20250220_080002.jpg,2025-02-20 08:00:13,8,Cultivo1,1,Stationary
204,26.875,8.688021,6.004784,9.375701628822451,44.33952,19.60732817519001,18.684464,2.5182774099260787,32.290784,14.44714465440642,photos/2025/02/20/photo_20250220_090002.jpg,2025-02-20 09:00:13,9,Cultivo1,1,Stationary
205,26.75,8.277864,6.104832,7.419823327811519,40.143712,17.33592670903566,15.200992,2.4597597955442723,28.791936,12.51550356046068,photos/2025/02/20/photo_20250220_100002.jpg,2025-02-20 10:00:13,10,Cultivo1,1,Stationary
206,26.8125,8.261589,6.631872,7.990205311829227,41.946432,18.48234039480325,15.933104,2.649758059826594,30.135744,13.384803531111842,photos/2025/02/20/photo_20250220_110002.jpg,2025-02-20 11:00:13,11,Cultivo1,1,Stationary
207,26.8125,8.352735,6.393856,7.595804383132572,40.122928,17.602987266564046,15.297072,2.541259028761925,28.843552,12.742676799766052,photos/2025/02/20/photo_20250220_120002.jpg,2025-02-20 12:00:13,12,Cultivo1,1,Stationary
208,27.0,8.590364,6.717072,8.380391169486064,43.521056,19.283608496463103,16.87592,2.745136744647888,31.347696,13.981360859787005,photos/2025/02/20/photo_20250220_130002.jpg,2025-02-20 13:00:13,13,Cultivo1,1,Stationary
209,27.0625,8.704297,6.347088,8.242459290867016,41.849792,18.7961076171833,16.17128,2.602403873393982,30.117328,13.64112759783501,photos/2025/02/20/photo_20250220_140002.jpg,2025-02-20 14:00:13,14,Cultivo1,1,Stationary
210,27.125,8.652214,6.508544,7.416887181004171,39.142432,17.432033074927777,14.642016,2.5236939196471506,28.081376,12.585305794720446,photos/2025/02/20/photo_20250220_150002.jpg,2025-02-20 15:00:13,15,Cultivo1,1,Stationary
211,27.1875,8.701042,5.966944,7.953299164312632,39.485776,18.136426265331988,14.820288,2.4948128789277964,28.28416,13.145785221674666,photos/2025/02/20/photo_20250220_160002.jpg,2025-02-20 16:00:13,16,Cultivo1,1,Stationary
212,27.25,8.678255,5.405088,8.0946790834513,39.711552,18.47268853608743,15.519456,2.3406118243433705,28.557808,13.379541480750976,photos/2025/02/20/photo_20250220_170002.jpg,2025-02-20 17:00:13,17,Cultivo1,1,Stationary
213,27.25,8.714063,5.630992,7.165253701115125,36.96328,16.756843009397684,13.938784,2.302709946114794,26.493232,12.081337765089428,photos/2025/02/20/photo_20250220_180002.jpg,2025-02-20 18:00:13,18,Cultivo1,1,Stationary
214,27.25,8.707552,5.539184,7.651402824898452,37.082256,17.594221834183628,13.840944,2.325218401385986,26.5296,12.719813986061274,photos/2025/02/20/photo_20250220_190002.jpg,2025-02-20 19:00:13,19,Cultivo1,1,Stationary
215,27.1875,8.733594,5.549184,6.790731026804109,35.439344,16.02448279507529,13.03904,2.24339674024547,25.325312,11.541406331234336,photos/2025/02/20/photo_20250220_200002.jpg,2025-02-20 20:00:13,20,Cultivo1,1,Stationary
216,27.25,8.694531,5.198032,7.11100567852396,34.287456,16.350584853394817,12.5468,2.181896268610404,24.4632,11.811679887297997,photos/2025/02/20/photo_20250220_210002.jpg,2025-02-20 21:00:13,21,Cultivo1,1,Stationary
217,27.1875,8.74336,5.503488,6.742117887956573,34.985584,16.12359067264311,12.823664,2.2322875786636454,24.988496,11.581555493886992,photos/2025/02/20/photo_20250220_220002.jpg,2025-02-20 22:00:13,22,Cultivo1,1,Stationary
218,27.1875,8.701042,5.723568,6.910255109312247,35.506688,16.21489103480674,13.388832,2.282108093271658,25.49384,11.703422151422208,photos/2025/02/20/photo_20250220_230002.jpg,2025-02-20 23:00:13,23,Cultivo1,1,Stationary
219,27.125,8.688021,5.081632,7.258081819350344,36.37504,17.02047569835814,13.823296,2.2203045323955,26.061424,12.269515519865648,photos/2025/02/21/photo_20250221_000002.jpg,2025-02-21 00:00:13,0,Cultivo1,1,Stationary
220,27.125,8.762891,5.652816,6.884888702640298,35.430624,16.45090158534249,12.986016,2.305844589330339,25.313888,11.834355509424924,photos/2025/02/21/photo_20250221_010002.jpg,2025-02-21 01:00:13,1,Cultivo1,1,Stationary
221,27.0625,8.681511,5.592976,6.469110023815022,34.012768,15.618788588689457,12.284576,2.210964374073902,24.268672,11.212668877498166,photos/2025/02/21/photo_20250221_020002.jpg,2025-02-21 02:00:13,2,Cultivo1,1,Stationary
222,27.0625,8.684766,5.045392,5.960451200510242,32.434656,14.676217569989346,11.611344,2.084096822687468,23.080048,10.483677614162694,photos/2025/02/21/photo_20250221_030002.jpg,2025-02-21 03:00:13,3,Cultivo1,1,Stationary
223,27.0,8.671745,6.023392,7.305817047954047,35.570304,17.086987837169662,13.147232,2.4245009412941045,25.485904,12.344325712763093,photos/2025/02/21/photo_20250221_040002.jpg,2025-02-21 04:00:13,4,Cultivo1,1,Stationary
224,27.0,8.785677,5.610512,6.162090179951605,32.482208,14.9254656022764,11.848512,2.212863099664324,23.242752,10.71634786046515,photos/2025/02/21/photo_20250221_050002.jpg,2025-02-21 05:00:13,5,Cultivo1,1,Stationary
225,27.0,8.688021,5.633552,6.334370569691672,33.198368,15.352868466074217,12.113232,2.206522119376101,23.743856,11.016585598599232,photos/2025/02/21/photo_20250221_060002.jpg,2025-02-21 06:00:13,6,Cultivo1,1,Stationary
226,26.9375,8.720573,5.120512,5.553030433922004,30.487808,13.658289034690108,10.758544,2.0537275520029428,21.692528,9.749437161663026,photos/2025/02/21/photo_20250221_070002.jpg,2025-02-21 07:00:13,7,Cultivo1,1,Stationary
227,26.875,8.668489,5.918304,6.2614018348916085,33.325744,15.28498095669288,12.101504,2.272805702998829,23.844448,10.964000527877404,photos/2025/02/21/photo_20250221_080002.jpg,2025-02-21 08:00:13,8,Cultivo1,1,Stationary
228,26.8125,8.788933,5.957376,6.550359846110441,33.11136,15.852254317616785,11.795408,2.2630049038002547,23.635792,11.383256850863727,photos/2025/02/21/photo_20250221_090002.jpg,2025-02-21 09:00:13,9,Cultivo1,1,Stationary
229,26.8125,8.91263,5.932048,6.895468733206178,33.200256,16.243172890001016,11.970624,2.309342444440841,23.732448,11.717173717552198,photos/2025/02/21/photo_20250221_100002.jpg,2025-02-21 10:00:13,10,Cultivo1,1,Stationary
230,26.625,9.394402,6.136928,6.96081374808894,34.139568,16.251618281678166,12.684304,2.395082195419606,24.520416,11.750381746434623,photos/2025/02/21/photo_20250221_110002.jpg,2025-02-21 11:00:13,11,Cultivo1,1,Stationary
231,26.75,9.202344,5.07776,6.584259373962723,33.5644,15.4647737985397,12.830128,2.1405049363175968,24.107888,11.133913246449156,photos/2025/02/21/photo_20250221_120002.jpg,2025-02-21 12:00:13,12,Cultivo1,1,Stationary
232,27.0,9.215364,5.583072,7.687453456052661,35.881344,17.885973967152697,13.509968,2.335957842688091,25.731296,12.922800554074335,photos/2025/02/21/photo_20250221_130002.jpg,2025-02-21 13:00:13,13,Cultivo1,1,Stationary
233,27.125,9.182813,5.81504,6.41837173541826,32.92216,15.29795714905752,12.131728,2.2387205717552154,23.60728,11.00831226853599,photos/2025/02/21/photo_20250221_140002.jpg,2025-02-21 14:00:13,14,Cultivo1,1,Stationary
234,27.375,9.189323,5.892992,6.949047460000831,34.15856,16.398011913838822,12.561216,2.375381503661254,24.462272,11.827634108223672,photos/2025/02/21/photo_20250221_150002.jpg,2025-02-21 15:00:13,15,Cultivo1,1,Stationary
235,27.5,9.06888,5.438176,5.9228804879571895,31.928512,14.62467208062649,11.332624,2.11346961014915,22.74,10.450929910778274,photos/2025/02/21/photo_20250221_160002.jpg,2025-02-21 16:00:13,16,Cultivo1,1,Stationary
236,27.5,9.010286,5.349632,6.231356757684156,30.96168,14.801674080238357,11.362592,2.101503619929311,22.173616,10.63712374115033,photos/2025/02/21/photo_20250221_170002.jpg,2025-02-21 17:00:13,17,Cultivo1,1,Stationary
237,27.5,9.091667,5.355152,6.69891699235033,33.295744,15.981981588228162,12.17536,2.1354819261459457,23.79024,11.484375505111284,photos/2025/02/21/photo_20250221_180002.jpg,2025-02-21 18:00:13,18,Cultivo1,1,Stationary
238,27.4375,9.117708,5.60416,6.189370430360749,32.595408,15.034949195575487,11.977424,2.1592403049220805,23.339376,10.782892002177524,photos/2025/02/21/photo_20250221_190002.jpg,2025-02-21 19:00:13,19,Cultivo1,1,Stationary
239,27.375,8.971224,5.406112,6.500245419337335,32.276624,15.846180838379448,11.587872,2.16785263416497,23.024208,11.355631817417118,photos/2025/02/21/photo_20250221_200002.jpg,2025-02-21 20:00:13,20,Cultivo1,1,Stationary
240,27.375,9.000521,5.28928,6.3997107018414505,30.88512,15.382149218675524,11.024144,2.1111430746398976,22.021472,11.0348866307369,photos/2025/02/21/photo_20250221_210002.jpg,2025-02-21 21:00:13,21,Cultivo1,1,Stationary
241,27.25,9.065625,5.743008,6.592917821366804,33.182832,16.018613062927013,12.150448,2.28389209726204,23.76032,11.500191020048318,photos/2025/02/21/photo_20250221_220002.jpg,2025-02-21 22:00:13,22,Cultivo1,1,Stationary
242,27.25,9.05586,5.925696,6.867772314716323,33.265808,16.56037445552292,12.127904,2.34394174748094,23.821168,11.905387146824584,photos/2025/02/21/photo_20250221_230002.jpg,2025-02-21 23:00:13,23,Cultivo1,1,Stationary
243,27.125,9.033073,4.715152,5.107222878745747,28.436896,13.186703677765117,9.992896,1.898605176674708,20.2052,9.325930568045209,photos/2025/02/22/photo_20250222_000002.jpg,2025-02-22 00:00:13,0,Cultivo1,1,Stationary
244,27.0625,8.935417,5.12456,6.695813818028096,31.101408,16.120709302556634,11.472048,2.109465526241185,22.269088,11.564427164726146,photos/2025/02/22/photo_20250222_010002.jpg,2025-02-22 01:00:13,1,Cultivo1,1,Stationary
245,27.0625,8.994011,5.311168,5.064245995061456,28.619488,13.141652050554985,9.765248,2.046321205425971,20.29896,9.294288080235086,photos/2025/02/22/photo_20250222_020002.jpg,2025-02-22 02:00:13,2,Cultivo1,1,Stationary
246,26.9375,8.954948,5.13136,6.682926556053118,31.531664,16.165146871931107,11.44592,2.128426778256654,22.515904,11.586910678122276,photos/2025/02/22/photo_20250222_030002.jpg,2025-02-22 03:00:13,3,Cultivo1,1,Stationary
247,26.8125,8.893099,4.961248,5.679536157984734,28.862272,14.191985590396293,10.217488,1.98834259686202,20.552928,10.10087830967268,photos/2025/02/22/photo_20250222_040002.jpg,2025-02-22 04:00:13,4,Cultivo1,1,Stationary
248,26.8125,8.847527,5.419328,6.416319311735038,29.211968,15.43151987222827,10.167184,2.1287977894614603,20.801088,11.07008157224941,photos/2025/02/22/photo_20250222_050002.jpg,2025-02-22 05:00:13,5,Cultivo1,1,Stationary
249,26.6875,8.863802,4.907056,6.884343512470598,29.32792,16.359105246730337,10.400048,2.026350762544333,20.883008,11.733666130921572,photos/2025/02/22/photo_20250222_060002.jpg,2025-02-22 06:00:13,6,Cultivo1,1,Stationary
250,26.625,8.811719,5.016896,6.105215252028383,30.060352,15.078885026290768,10.84208,2.043331232371296,21.452448,10.762015926734916,photos/2025/02/22/photo_20250222_070002.jpg,2025-02-22 07:00:13,7,Cultivo1,1,Stationary
251,26.5,8.876823,5.504656,5.188071487556817,27.874912,13.230619070635203,9.5232,2.0934856869976444,19.825264,9.395521237818794,photos/2025/02/22/photo_20250222_080002.jpg,2025-02-22 08:00:13,8,Cultivo1,1,Stationary
252,26.4375,8.779167,5.103536,5.28882785108383,28.587776,13.701324584645969,9.93704,1.9698488004676904,20.311936,9.697233003898791,photos/2025/02/22/photo_20250222_090002.jpg,2025-02-22 09:00:13,9,Cultivo1,1,Stationary
253,26.4375,8.74336,5.202224,4.207399403648767,25.525424,11.640397657306384,8.496224,1.9228108211220365,18.102832,8.163879566711895,photos/2025/02/22/photo_20250222_100002.jpg,2025-02-22 10:00:13,10,Cultivo1,1,Stationary
254,26.375,8.74987,5.096912,5.361264110254596,27.270416,13.59297035923142,9.537936,1.9994559420642404,19.43072,9.65722031858029,photos/2025/02/22/photo_20250222_110002.jpg,2025-02-22 11:00:13,11,Cultivo1,1,Stationary
255,26.375,8.753125,5.350576,5.138338604048589,27.301472,13.176065369950772,9.577488,2.050683902561289,19.483392,9.356871067527647,photos/2025/02/22/photo_20250222_120002.jpg,2025-02-22 12:00:13,12,Cultivo1,1,Stationary
256,26.5,8.870313,5.120752,4.229529526751645,25.477824,11.759080415790343,8.603344,1.919631984130292,18.099776,8.244563587590553,photos/2025/02/22/photo_20250222_130002.jpg,2025-02-22 13:00:13,13,Cultivo1,1,Stationary
257,26.5625,8.808464,5.313408,5.376040768869224,27.63368,13.7485685675855,9.778384,2.064344793278487,19.735008,9.762320381955105,photos/2025/02/22/photo_20250222_140002.jpg,2025-02-22 14:00:13,14,Cultivo1,1,Stationary
258,26.75,8.922396,5.111632,3.8280201682728894,24.161616,10.922732637419264,8.092464,1.863064759093468,17.174768,7.627663347721634,photos/2025/02/22/photo_20250222_150002.jpg,2025-02-22 15:00:13,15,Cultivo1,1,Stationary
259,26.9375,8.909375,5.223856,5.151080115119934,26.87224,13.427522086461076,9.194704,2.061219175940298,19.095728,9.49785176500539,photos/2025/02/22/photo_20250222_160002.jpg,2025-02-22 16:00:13,16,Cultivo1,1,Stationary
260,26.9375,8.932161,4.995408,4.462548946413473,24.497728,12.064780264804494,8.153808,1.868336937903868,17.376848,8.473185090914514,photos/2025/02/22/photo_20250222_170002.jpg,2025-02-22 17:00:13,17,Cultivo1,1,Stationary
261,27.0625,8.766146,5.033408,4.9139846524530375,26.356976,13.14225338879996,9.183616,1.9548431920581253,18.774928,9.263510273908912,photos/2025/02/22/photo_20250222_180002.jpg,2025-02-22 18:00:13,18,Cultivo1,1,Stationary
262,27.125,8.83125,5.270864,4.018017188343524,23.65344,11.431320840847746,7.638224,1.919106222569246,16.763184,7.982248190963746,photos/2025/02/22/photo_20250222_190002.jpg,2025-02-22 19:00:13,19,Cultivo1,1,Stationary
263,27.125,8.860547,4.945728,3.9141046389609975,23.50888,11.386871086720882,7.752208,1.824841513670708,16.67016,7.930987679627298,photos/2025/02/22/photo_20250222_200002.jpg,2025-02-22 20:00:13,20,Cultivo1,1,Stationary
264,27.125,8.834505,4.982672,5.606957375124587,25.56208,14.433922338491364,8.755744,1.9659185487745925,18.176608,10.227225313560664,photos/2025/02/22/photo_20250222_210002.jpg,2025-02-22 21:00:13,21,Cultivo1,1,Stationary
265,27.125,8.81823,4.40448,3.348096219405888,21.625088,10.14389358147334,7.02584,1.6958431323680856,15.298752,7.009946878721408,photos/2025/02/22/photo_20250222_220002.jpg,2025-02-22 22:00:13,22,Cultivo1,1,Stationary
266,27.1875,8.83125,4.629968,5.433094310414278,25.905872,14.048625979775244,9.251488,1.8952963670560865,18.485824,9.937578328799429,photos/2025/02/22/photo_20250222_230002.jpg,2025-02-22 23:00:13,23,Cultivo1,1,Stationary
267,27.125,8.730339,4.695312,4.600188708087528,23.40096,12.567261558446216,7.845728,1.835485010196488,16.6048,8.81438511525336,photos/2025/02/23/photo_20250223_000002.jpg,2025-02-23 00:00:13,0,Cultivo1,1,Stationary
268,27.0625,8.762891,5.318592,4.455243197520872,22.728144,12.24697572118374,7.381712,1.9910768788612856,16.121312,8.605007112063069,photos/2025/02/23/photo_20250223_010002.jpg,2025-02-23 01:00:13,1,Cultivo1,1,Stationary
269,27.0625,8.717318,4.540752,3.489313437697451,20.415216,10.227709600557889,6.542752,1.7028127537976687,14.451824,7.099575133275511,photos/2025/02/23/photo_20250223_020002.jpg,2025-02-23 02:00:13,2,Cultivo1,1,Stationary
270,27.0,8.642448,4.37136,3.637454987775931,21.002512,10.73469932927122,6.672352,1.6814029113808504,14.819248,7.444711459452005,photos/2025/02/23/photo_20250223_030002.jpg,2025-02-23 03:00:13,3,Cultivo1,1,Stationary
271,26.875,8.577344,4.899632,3.598811724208978,22.0364,10.935836275292347,7.093264,1.7960195613010457,15.60704,7.579254741622028,photos/2025/02/23/photo_20250223_040002.jpg,2025-02-23 04:00:13,4,Cultivo1,1,Stationary
272,26.8125,8.60013,4.642656,3.8898250332599793,22.517232,11.603030253264704,7.433568,1.7848745798133832,15.952528,8.05694944809858,photos/2025/02/23/photo_20250223_050002.jpg,2025-02-23 05:00:13,5,Cultivo1,1,Stationary
273,26.6875,8.671745,4.650704,3.886832753806626,22.550528,11.488500986691692,7.353456,1.8312379158328933,15.9528,7.97852994980905,photos/2025/02/23/photo_20250223_060002.jpg,2025-02-23 06:00:13,6,Cultivo1,1,Stationary
274,26.625,8.466667,5.276944,4.312102501223272,22.797824,12.29988572568965,7.513712,1.965133588554224,16.20024,8.614158574254365,photos/2025/02/23/photo_20250223_070002.jpg,2025-02-23 07:00:13,7,Cultivo1,1,Stationary
275,26.5,8.515495,4.833792,4.180991511878492,20.870368,11.542601246884344,6.64576,1.8331849063136,14.776176,8.10346091599287,photos/2025/02/23/photo_20250223_080002.jpg,2025-02-23 08:00:13,8,Cultivo1,1,Stationary
276,26.4375,8.469922,4.805632,3.9222409012318455,21.946048,11.442963304218711,7.327552,1.807525679091725,15.610464,7.980586802028032,photos/2025/02/23/photo_20250223_090002.jpg,2025-02-23 09:00:13,9,Cultivo1,1,Stationary
277,26.375,8.424349,4.638112,3.806431428201485,20.733312,11.008237529716371,6.91232,1.777201472950099,14.75376,7.682474982868477,photos/2025/02/23/photo_20250223_100002.jpg,2025-02-23 10:00:13,10,Cultivo1,1,Stationary
278,26.3125,8.359245,4.454112,4.972042970845687,22.068656,12.98668018985853,7.731008,1.8117103221696345,15.765824,9.181010489103256,photos/2025/02/23/photo_20250223_110002.jpg,2025-02-23 11:00:13,11,Cultivo1,1,Stationary
279,26.4375,8.427605,4.892096,3.525987127046269,21.069712,10.661005779805956,7.035648,1.7780991892422648,15.016704,7.404157276583472,photos/2025/02/23/photo_20250223_120002.jpg,2025-02-23 12:00:13,12,Cultivo1,1,Stationary
280,26.5,8.408073,4.13408,3.4421213739529875,20.87504,10.53409099060759,7.058176,1.6650689335880364,14.827632,7.278705466810428,photos/2025/02/23/photo_20250223_130002.jpg,2025-02-23 13:00:13,13,Cultivo1,1,Stationary
281,26.625,8.473177,5.219392,4.182812412535853,21.677168,11.721730396992417,7.188256,1.8897606066208488,15.449264,8.217629941674424,photos/2025/02/23/photo_20250223_140002.jpg,2025-02-23 14:00:13,14,Cultivo1,1,Stationary
282,26.875,8.473177,4.808448,3.899455113820904,19.794864,10.92065855255552,6.700464,1.7350907271079514,14.149632,7.648331207824096,photos/2025/02/23/photo_20250223_150002.jpg,2025-02-23 15:00:13,15,Cultivo1,1,Stationary
283,27.0,8.499219,4.731536,2.907504114242317,19.058848,9.518359150236767,6.016608,1.700373806168514,13.5132,6.541263621044485,photos/2025/02/23/photo_20250223_160002.jpg,2025-02-23 16:00:13,16,Cultivo1,1,Stationary
284,27.0625,8.43086,4.47792,3.05447559797488,19.246272,9.797236656425934,6.284624,1.6573353533910993,13.677824,6.750766076900013,photos/2025/02/23/photo_20250223_170002.jpg,2025-02-23 17:00:13,17,Cultivo1,1,Stationary
285,27.1875,8.51875,4.85232,2.7494423424571024,18.216144,9.008608425903748,5.689248,1.7389418097222231,12.93344,6.2003240049532895,photos/2025/02/23/photo_20250223_180002.jpg,2025-02-23 18:00:13,18,Cultivo1,1,Stationary
286,27.3125,8.473177,4.563936,2.994008666451051,18.549056,9.55160015436492,5.938096,1.707355905458496,13.169632,6.585984587332103,photos/2025/02/23/photo_20250223_190002.jpg,2025-02-23 19:00:13,19,Cultivo1,1,Stationary
287,27.3125,8.388542,4.43776,3.7612184196081992,18.94176,10.92452946823798,6.154,1.699952405922001,13.44136,7.598795782911922,photos/2025/02/23/photo_20250223_200002.jpg,2025-02-23 20:00:13,20,Cultivo1,1,Stationary
288,27.3125,8.44388,4.737056,3.1483609643114305,19.418768,9.940685356763687,6.31128,1.6987278925313494,13.819328,6.868028947843478,photos/2025/02/23/photo_20250223_210002.jpg,2025-02-23 21:00:13,21,Cultivo1,1,Stationary
289,27.375,8.382031,4.566656,2.979245755867749,18.951248,9.580792829536394,6.063488,1.6764214797192265,13.449296,6.594325219791939,photos/2025/02/23/photo_20250223_220002.jpg,2025-02-23 22:00:13,22,Cultivo1,1,Stationary
290,27.375,8.434114,4.412336,2.7213704944501766,18.006208,9.174902803884954,5.572544,1.6309049705927074,12.726144,6.276032735037637,photos/2025/02/23/photo_20250223_230002.jpg,2025-02-23 23:00:13,23,Cultivo1,1,Stationary
291,27.3125,8.359245,4.211376,2.7770007638861034,17.642272,8.875528529502681,5.816624,1.580746718049416,12.562864,6.097047163791995,photos/2025/02/24/photo_20250224_000002.jpg,2025-02-24 00:00:13,0,Cultivo1,1,Stationary
292,27.25,8.323438,4.451216,3.202847154951981,19.109152,9.969535487719376,6.268496,1.6717332685999882,13.59104,6.8838349572313255,photos/2025/02/24/photo_20250224_010002.jpg,2025-02-24 01:00:13,1,Cultivo1,1,Stationary
293,27.3125,8.382031,5.039584,2.752178074750251,18.529056,9.176865028366931,5.562192,1.7743689320273843,13.086752,6.287014720079475,photos/2025/02/24/photo_20250224_020002.jpg,2025-02-24 02:00:13,2,Cultivo1,1,Stationary
294,27.1875,8.375521,4.367696,2.3300938335921155,16.988864,8.047566836597507,5.365216,1.6024230563693225,12.069568,5.493733911774031,photos/2025/02/24/photo_20250224_030002.jpg,2025-02-24 03:00:13,3,Cultivo1,1,Stationary
295,27.125,8.28112,4.27304,3.378364262714132,18.743888,10.309060415161802,6.202304,1.6791882438845265,13.330576,7.133401958969087,photos/2025/02/24/photo_20250224_040002.jpg,2025-02-24 04:00:13,4,Cultivo1,1,Stationary
296,27.0,8.271355,4.253984,2.535314202539796,17.208336,8.479107742628583,5.58712,1.5876435770487027,12.246752,5.795383805279508,photos/2025/02/24/photo_20250224_050002.jpg,2025-02-24 05:00:13,5,Cultivo1,1,Stationary
297,27.0,8.229036,4.238112,2.6546257456748967,18.309168,8.908016117395388,5.85248,1.597770532791239,12.972928,6.088651994227951,photos/2025/02/24/photo_20250224_060002.jpg,2025-02-24 06:00:13,6,Cultivo1,1,Stationary
298,26.875,8.261589,4.551664,3.0953801361487088,20.297216,9.94968696237947,6.534144,1.6722400638377255,14.389952,6.840138115396209,photos/2025/02/24/photo_20250224_070002.jpg,2025-02-24 07:00:13,7,Cultivo1,1,Stationary
299,26.75,7.740755,4.836768,3.788066364749171,20.2324,11.105552766071574,6.711984,1.7855451028120235,14.4164,7.73748712696829,photos/2025/02/24/photo_20250224_080002.jpg,2025-02-24 08:00:13,8,Cultivo1,1,Stationary
300,26.6875,7.639844,4.284976,3.013566772144928,18.610304,9.535060829778908,5.979232,1.6068816631675151,13.194352,6.55799262732858,photos/2025/02/24/photo_20250224_090002.jpg,2025-02-24 09:00:13,9,Cultivo1,1,Stationary
301,26.5625,7.659375,4.495312,2.7473013235129486,18.71536,8.832215807508328,5.968768,1.6401054913193849,13.280976,6.065475784093445,photos/2025/02/24/photo_20250224_100002.jpg,2025-02-24 10:00:13,10,Cultivo1,1,Stationary
302,26.625,7.867708,4.561552,2.795197602471782,18.661488,9.1445713746384,5.905056,1.709363434526432,13.2296,6.27523799070601,photos/2025/02/24/photo_20250224_110002.jpg,2025-02-24 11:00:13,11,Cultivo1,1,Stationary
303,26.6875,7.997917,4.505968,2.9969737455666845,19.046224,9.40238221632284,6.392128,1.630277394487208,13.598784,6.4853966510417855,photos/2025/02/24/photo_20250224_120002.jpg,2025-02-24 12:00:13,12,Cultivo1,1,Stationary
304,26.75,8.05,4.59672,3.855399935882138,19.83512,10.904476813932892,6.85688,1.7054469330940791,14.205152,7.62258070845406,photos/2025/02/24/photo_20250224_130002.jpg,2025-02-24 13:00:13,13,Cultivo1,1,Stationary
305,26.9375,7.971875,4.474288,2.888262668653251,19.17048,9.382020708226984,6.169808,1.6560854123673694,13.605296,6.440732935961869,photos/2025/02/24/photo_20250224_140002.jpg,2025-02-24 14:00:13,14,Cultivo1,1,Stationary
306,27.125,8.027214,5.017568,3.1926300370296588,20.105824,9.925642008506252,6.575216,1.7474219196793888,14.330032,6.862584271174817,photos/2025/02/24/photo_20250224_150002.jpg,2025-02-24 15:00:13,15,Cultivo1,1,Stationary
307,27.3125,8.004427,4.67184,3.3943898435483213,20.106512,10.402651930823025,6.417504,1.701902175332061,14.24616,7.19636778204116,photos/2025/02/24/photo_20250224_160002.jpg,2025-02-24 16:00:13,16,Cultivo1,1,Stationary
308,27.4375,7.945833,4.484672,3.163926512259095,18.610064,9.75434415611342,6.016032,1.7010129489266097,13.217648,6.736739073772711,photos/2025/02/24/photo_20250224_170002.jpg,2025-02-24 17:00:13,17,Cultivo1,1,Stationary
309,27.5,8.160677,4.552192,3.278080634556752,20.208768,10.285741583482253,6.380688,1.6978515821873243,14.285664,7.089566141810372,photos/2025/02/24/photo_20250224_180002.jpg,2025-02-24 18:00:13,18,Cultivo1,1,Stationary
310,27.5625,8.189974,4.313712,2.8359065089921422,18.802672,9.305643323296676,6.053984,1.5712214296705604,13.335824,6.368384900508449,photos/2025/02/24/photo_20250224_190002.jpg,2025-02-24 19:00:13,19,Cultivo1,1,Stationary
311,27.5625,8.141146,4.424032,3.0526837195464585,18.756272,9.77448457270336,5.897696,1.6577782912609274,13.273648,6.72029142017636,photos/2025/02/24/photo_20250224_200002.jpg,2025-02-24 20:00:13,20,Cultivo1,1,Stationary
312,27.5625,8.160677,4.727296,3.589101596101175,19.243664,10.662430672933072,6.244192,1.745540755291609,13.68088,7.400469338197409,photos/2025/02/24/photo_20250224_210002.jpg,2025-02-24 21:00:13,21,Cultivo1,1,Stationary
313,27.5625,8.105339,4.406304,2.4719967674283074,17.979504,8.741198768703523,5.622768,1.5827890129717226,12.745024,5.959490854043153,photos/2025/02/24/photo_20250224_220002.jpg,2025-02-24 22:00:13,22,Cultivo1,1,Stationary
314,27.5625,8.105339,4.298976,2.3734138514940875,17.711584,8.455554399975439,5.447744,1.571523258314684,12.517312,5.748903573261252,photos/2025/02/24/photo_20250224_230002.jpg,2025-02-24 23:00:13,23,Cultivo1,1,Stationary
315,27.375,8.128125,3.965856,2.55915234621466,16.639616,8.486305873143154,5.498192,1.511466237553456,11.848048,5.785023300704674,photos/2025/02/25/photo_20250225_000002.jpg,2025-02-25 00:00:13,0,Cultivo1,1,Stationary
316,27.3125,8.066277,4.360976,2.744085089013094,17.738016,8.954114382994222,5.717984,1.6158664324207,12.605536,6.145222384316454,photos/2025/02/25/photo_20250225_010002.jpg,2025-02-25 01:00:13,1,Cultivo1,1,Stationary
317,27.1875,8.076042,4.02976,2.5351351206087616,16.829872,8.604910253083178,5.439984,1.5632409738744697,11.95168,5.862149876760231,photos/2025/02/25/photo_20250225_020002.jpg,2025-02-25 02:00:13,2,Cultivo1,1,Stationary
318,27.0625,8.03698,4.692464,2.5556506853637098,17.460384,8.746128662016355,5.53088,1.6782269240791008,12.418576,5.985765292109607,photos/2025/02/25/photo_20250225_030002.jpg,2025-02-25 03:00:13,3,Cultivo1,1,Stationary
319,27.0,8.03698,4.33376,2.316656230843066,16.51376,8.124803669160258,5.218064,1.6024569455682731,11.737024,5.538698369059647,photos/2025/02/25/photo_20250225_040002.jpg,2025-02-25 04:00:13,4,Cultivo1,1,Stationary
320,26.875,8.007683,4.81608,2.6329567331044386,17.141104,8.74775089158259,5.37696,1.7272444626051056,12.192592,5.9987929053715465,photos/2025/02/25/photo_20250225_050002.jpg,2025-02-25 05:00:13,5,Cultivo1,1,Stationary
321,26.6875,7.952344,3.76064,2.353135582786508,15.917952,8.073384675939579,5.297968,1.484518369842556,11.347024,5.481489427466225,photos/2025/02/25/photo_20250225_060002.jpg,2025-02-25 06:00:13,6,Cultivo1,1,Stationary
322,26.5625,7.936068,4.455216,2.581681164686298,17.404208,8.791320713791302,5.439648,1.638377976336352,12.337712,5.999889216065244,photos/2025/02/25/photo_20250225_070002.jpg,2025-02-25 07:00:13,7,Cultivo1,1,Stationary
323,26.375,7.522656,4.313088,2.471378721358586,15.955616,8.16410963060541,5.159296,1.587276883299193,11.377232,5.596980616205134,photos/2025/02/25/photo_20250225_080002.jpg,2025-02-25 08:00:13,8,Cultivo1,1,Stationary
324,26.1875,7.825391,3.889216,2.063922041566493,15.2512,7.322072012757044,5.001344,1.4834173065405434,10.881264,4.964652431168168,photos/2025/02/25/photo_20250225_090002.jpg,2025-02-25 09:00:13,9,Cultivo1,1,Stationary
325,26.0,7.779818,4.382368,2.183762322656932,15.34656,7.423488678943344,5.005488,1.5910659045356983,10.97464,5.073275556324533,photos/2025/02/25/photo_20250225_100002.jpg,2025-02-25 10:00:13,10,Cultivo1,1,Stationary
326,26.0,7.825391,4.287152,2.1661110639817154,15.813552,7.775757528581765,5.095136,1.5408334526794256,11.279888,5.290203654629565,photos/2025/02/25/photo_20250225_110002.jpg,2025-02-25 11:00:13,11,Cultivo1,1,Stationary
327,26.0625,7.542188,4.864736,1.9315139744770164,14.80104,6.702633431599852,4.93608,1.637600577156713,10.672336,4.5509467479969485,photos/2025/02/25/photo_20250225_120002.jpg,2025-02-25 12:00:13,12,Cultivo1,1,Stationary
328,26.25,7.848177,4.655552,2.2197837957999424,15.489248,7.500124558598743,5.005648,1.6203738998441073,11.087664,5.131531839821712,photos/2025/02/25/photo_20250225_130002.jpg,2025-02-25 13:00:13,13,Cultivo1,1,Stationary
329,26.5,7.883985,4.697872,2.4166411615992973,16.015408,8.13165091439223,5.281008,1.6114188380480103,11.494928,5.573220816979712,photos/2025/02/25/photo_20250225_140002.jpg,2025-02-25 14:00:13,14,Cultivo1,1,Stationary
330,26.6875,7.939323,4.690448,2.561158230938495,15.363008,8.031685326999309,5.254064,1.6288896706947342,11.091712,5.548379665186585,photos/2025/02/25/photo_20250225_150002.jpg,2025-02-25 15:00:13,15,Cultivo1,1,Stationary
331,26.9375,7.89375,4.310208,2.0533904836791272,14.581936,7.264508138332835,4.788256,1.537195822507985,10.459904,4.94688996348049,photos/2025/02/25/photo_20250225_160002.jpg,2025-02-25 16:00:13,16,Cultivo1,1,Stationary
332,27.0625,7.984896,4.199568,2.357880961283669,14.687392,7.9940160269001215,4.910304,1.5277266160462089,10.543136,5.459524822317781,photos/2025/02/25/photo_20250225_170002.jpg,2025-02-25 17:00:13,17,Cultivo1,1,Stationary
333,27.1875,8.189974,4.035424,2.5098825865765115,13.828336,7.9987591207076605,4.79496,1.4992135072177013,9.97832,5.501286574756854,photos/2025/02/25/photo_20250225_180002.jpg,2025-02-25 18:00:13,18,Cultivo1,1,Stationary
334,27.1875,8.092318,3.73752,1.9470636405171764,12.732096,6.750303359611625,4.375424,1.4292992162594926,9.175152,4.597104499236014,photos/2025/02/25/photo_20250225_190002.jpg,2025-02-25 19:00:13,19,Cultivo1,1,Stationary
335,27.25,8.128125,3.784464,1.8321969313193385,11.60544,5.897072019773881,4.097808,1.4188869696716508,8.427872,4.042157536714273,photos/2025/02/25/photo_20250225_200002.jpg,2025-02-25 20:00:13,20,Cultivo1,1,Stationary
336,27.25,8.046745,4.029424,1.824189946250116,12.603648,6.262459029175042,4.3652,1.4603829046602812,9.126032,4.283098403606436,photos/2025/02/25/photo_20250225_210002.jpg,2025-02-25 21:00:13,21,Cultivo1,1,Stationary
337,27.25,8.095573,3.8688,1.6941728346305165,12.247072,6.006213734693096,4.09008,1.4508268539009057,8.807888,4.080953440001001,photos/2025/02/25/photo_20250225_220002.jpg,2025-02-25 22:00:13,22,Cultivo1,1,Stationary
338,27.25,8.056511,4.088336,1.6816412380100578,11.353168,5.552345122898612,4.040432,1.4410179565515484,8.280208,3.812580684619802,photos/2025/02/25/photo_20250225_230002.jpg,2025-02-25 23:00:13,23,Cultivo1,1,Stationary
339,27.1875,8.095573,3.936736,1.815961040991794,11.965104,6.41760440267114,4.12824,1.4297404192034304,8.659184,4.363927182497893,photos/2025/02/26/photo_20250226_000002.jpg,2025-02-26 00:00:13,0,Cultivo1,1,Stationary
340,27.125,8.007683,4.128224,1.6677161620179854,11.262928,5.632594150728064,3.970288,1.4545729977639483,8.20992,3.855543229377671,photos/2025/02/26/photo_20250226_010002.jpg,2025-02-26 01:00:13,1,Cultivo1,1,Stationary
341,27.0625,7.949089,3.669088,1.6304543940681078,10.468544,5.179666641789218,4.048192,1.339624293694318,7.716544,3.563634759071698,photos/2025/02/26/photo_20250226_020002.jpg,2025-02-26 02:00:13,2,Cultivo1,1,Stationary
342,27.0,8.046745,3.848544,1.6624227333190555,10.468016,5.488016128232861,3.876912,1.3945856302371682,7.68688,3.7688157112811975,photos/2025/02/26/photo_20250226_030002.jpg,2025-02-26 03:00:13,3,Cultivo1,1,Stationary
343,26.875,7.978386,3.809472,1.6092415107745637,10.035744,5.371709817782789,3.8024,1.3677847349696517,7.39,3.689931706685098,photos/2025/02/26/photo_20250226_040002.jpg,2025-02-26 04:00:13,4,Cultivo1,1,Stationary
344,26.75,7.942578,3.927184,1.5385662898373926,10.38168,5.113305034671802,3.779424,1.410302744145384,7.608912,3.512860113391366,photos/2025/02/26/photo_20250226_050002.jpg,2025-02-26 05:00:13,5,Cultivo1,1,Stationary
345,26.75,7.97513,3.621536,1.4816345654715268,9.040656,4.55261101892793,3.57488,1.3135101829464435,6.719024,3.156465822312036,photos/2025/02/26/photo_20250226_060002.jpg,2025-02-26 06:00:13,6,Cultivo1,1,Stationary
346,26.625,7.900261,3.519552,1.5949079853082435,8.872288,5.144293308614508,3.74928,1.247391566147535,6.647456,3.537361831657033,photos/2025/02/26/photo_20250226_070002.jpg,2025-02-26 07:00:13,7,Cultivo1,1,Stationary
347,26.5625,7.701693,3.703504,1.4539419057665266,8.259584,4.159339388285596,3.509216,1.244769103883929,6.230272,2.9257585009730382,photos/2025/02/26/photo_20250226_080002.jpg,2025-02-26 08:00:13,8,Cultivo1,1,Stationary
348,26.4375,7.704948,3.717136,1.592186986084235,8.258912,4.798726974548146,3.621312,1.2849171014131613,6.25928,3.352146458852894,photos/2025/02/26/photo_20250226_090002.jpg,2025-02-26 09:00:13,9,Cultivo1,1,Stationary
349,26.3125,7.633333,3.80296,1.4014528456084423,7.476704,3.396235753946419,3.511744,1.22634058825434,5.767728,2.4731424783089224,photos/2025/02/26/photo_20250226_100002.jpg,2025-02-26 10:00:13,10,Cultivo1,1,Stationary
350,26.125,7.936068,4.176688,1.5275310924495122,8.508032,4.6565652026978,3.49704,1.381673387836648,6.412624,3.2711535327196124,photos/2025/02/26/photo_20250226_110002.jpg,2025-02-26 11:00:13,11,Cultivo1,1,Stationary
351,26.125,7.890495,3.83824,1.582888730108342,8.494752,4.115436849047256,3.838064,1.2731856511915298,6.464544,2.965736143365421,photos/2025/02/26/photo_20250226_120002.jpg,2025-02-26 12:00:13,12,Cultivo1,1,Stationary
352,26.1875,7.932813,3.818528,1.397274118022659,7.47896,3.47902821465995,3.420848,1.2457784366475444,5.74096,2.5375394141569507,photos/2025/02/26/photo_20250226_130002.jpg,2025-02-26 13:00:13,13,Cultivo1,1,Stationary
353,26.25,7.887239,4.059312,1.4985709044232776,7.514496,3.634769575362928,3.594304,1.296747503045986,5.838832,2.6707528668478484,photos/2025/02/26/photo_20250226_140002.jpg,2025-02-26 14:00:13,14,Cultivo1,1,Stationary
354,26.4375,8.010938,3.798048,1.3854244931803392,6.922832,3.3971159973977927,3.193264,1.2408704161579485,5.31744,2.502971003907157,photos/2025/02/26/photo_20250226_150002.jpg,2025-02-26 15:00:13,15,Cultivo1,1,Stationary
355,26.625,7.97513,3.615504,1.279435162974662,6.493136,3.0951421430208983,3.018912,1.1657730593833433,4.985408,2.308227691007973,photos/2025/02/26/photo_20250226_160002.jpg,2025-02-26 16:00:13,16,Cultivo1,1,Stationary
356,26.6875,7.903516,3.714912,1.2482228482062008,5.970384,2.594110809611648,3.063904,1.163940218506088,4.684768,1.992647682400479,photos/2025/02/26/photo_20250226_170002.jpg,2025-02-26 17:00:13,17,Cultivo1,1,Stationary
357,26.6875,8.209505,3.69984,1.059628666248701,5.458112,2.143825878063795,2.670608,1.1623493340644198,4.256336,1.6892802772494562,photos/2025/02/26/photo_20250226_180002.jpg,2025-02-26 18:00:13,18,Cultivo1,1,Stationary
358,26.875,8.160677,3.498896,1.055189241613086,5.16768,2.2525388825944823,2.641872,1.0708719723589744,4.024672,1.718119696766206,photos/2025/02/26/photo_20250226_190002.jpg,2025-02-26 19:00:13,19,Cultivo1,1,Stationary
359,26.9375,8.115105,3.387456,1.0813706420723657,5.14816,2.615082525351734,2.623408,0.9893299995774918,3.981184,1.93341924014012,photos/2025/02/26/photo_20250226_200002.jpg,2025-02-26 20:00:13,20,Cultivo1,1,Stationary
360,27.0625,8.134636,3.343296,1.0273771789873474,5.009584,1.9700203417589373,2.623936,0.9828956487766136,3.90888,1.5548431257204052,photos/2025/02/26/photo_20250226_210002.jpg,2025-02-26 21:00:13,21,Cultivo1,1,Stationary
361,27.0625,8.111849,3.367392,1.0829958963985045,4.909616,1.777379737856826,2.687872,1.0099817415854606,3.875712,1.443609536216771,photos/2025/02/26/photo_20250226_220002.jpg,2025-02-26 22:00:13,22,Cultivo1,1,Stationary
362,27.0,8.163933,3.160512,0.8998969044596165,4.545808,1.7416858577642524,2.411312,0.8211771415815226,3.522896,1.364206646070895,photos/2025/02/26/photo_20250226_230002.jpg,2025-02-26 23:00:13,23,Cultivo1,1,Stationary
363,26.9375,8.102083,3.18272,0.7750027446041724,4.258752,1.0276144230673292,2.309184,0.7966262621832148,3.303936,0.880258432452652,photos/2025/02/27/photo_20250227_000002.jpg,2025-02-27 00:00:13,0,Cultivo1,1,Stationary
364,27.0,8.167188,3.359392,0.8858813390878036,4.447632,1.2040571384182728,2.440416,0.9555675749710222,3.48688,1.0485360583213148,photos/2025/02/27/photo_20250227_010002.jpg,2025-02-27 01:00:13,1,Cultivo1,1,Stationary
365,26.9375,8.072786,3.129648,0.7596445174527359,4.273392,1.194048916224122,2.278848,0.7535989623772049,3.300704,0.9822958334351216,photos/2025/02/27/photo_20250227_020002.jpg,2025-02-27 02:00:13,2,Cultivo1,1,Stationary
366,26.875,8.102083,3.10032,0.7461434467553809,4.101776,1.0294822221991011,2.369808,0.7824984968675659,3.241568,0.8262765283947014,photos/2025/02/27/photo_20250227_030002.jpg,2025-02-27 03:00:13,3,Cultivo1,1,Stationary
367,26.875,8.108594,3.130624,0.6413192025941528,4.09312,0.8231650293835374,2.194128,0.6930926133093614,3.15312,0.7025968015867992,photos/2025/02/27/photo_20250227_040002.jpg,2025-02-27 04:00:13,4,Cultivo1,1,Stationary
368,26.875,8.098828,3.091424,0.6040289847350042,4.04344,0.7889949089823076,2.17816,0.6434606842877038,3.11512,0.6529528203476879,photos/2025/02/27/photo_20250227_050002.jpg,2025-02-27 05:00:13,5,Cultivo1,1,Stationary
369,26.8125,8.095573,3.097616,0.6014877808102173,4.028368,0.814142037101635,2.217744,0.6377390661892998,3.128176,0.6525786642420974,photos/2025/02/27/photo_20250227_060002.jpg,2025-02-27 06:00:13,6,Cultivo1,1,Stationary
370,26.75,8.069531,2.978736,0.5291491134415705,3.862816,0.796088280370965,2.183088,0.5717165751524089,3.02392,0.5667484747222528,photos/2025/02/27/photo_20250227_070002.jpg,2025-02-27 07:00:13,7,Cultivo1,1,Stationary
371,26.625,7.760286,3.114272,0.6372469073004592,4.136624,1.0199166057202913,2.173056,0.6778302958823839,3.176704,0.8299636717254556,photos/2025/02/27/photo_20250227_080002.jpg,2025-02-27 08:00:13,8,Cultivo1,1,Stationary
372,26.5625,8.355989,2.937632,0.4336044690544597,3.819632,0.693301799057236,2.084304,0.4720828662173623,2.951968,0.4685263354134962,photos/2025/02/27/photo_20250227_090002.jpg,2025-02-27 09:00:13,9,Cultivo1,1,Stationary
373,26.5,8.329948,2.936272,0.4695845721486173,3.854816,0.6767286059743595,2.03536,0.5059829463687486,2.945568,0.5056611092184171,photos/2025/02/27/photo_20250227_100002.jpg,2025-02-27 10:00:13,10,Cultivo1,1,Stationary
374,26.4375,8.502474,3.000384,0.5713853870585072,3.946816,0.7916485723753943,2.144384,0.582408664550932,3.048128,0.6188406059850953,photos/2025/02/27/photo_20250227_110002.jpg,2025-02-27 11:00:13,11,Cultivo1,1,Stationary
375,26.4375,8.316927,3.07008,0.5121471098659056,3.994176,0.6800691737051459,2.153184,0.5342815677150018,3.074656,0.535457264087434,photos/2025/02/27/photo_20250227_120002.jpg,2025-02-27 12:00:13,12,Cultivo1,1,Stationary
376,26.5,8.359245,2.997648,0.4188956388218908,3.904592,0.6285994857904356,2.106576,0.4413552629073318,3.00584,0.4401612141022877,photos/2025/02/27/photo_20250227_130002.jpg,2025-02-27 13:00:13,13,Cultivo1,1,Stationary
377,26.75,8.404818,3.028048,0.4316737953594126,3.94296,0.6049615181149955,2.09688,0.4599796840035438,3.021392,0.4511389833920363,photos/2025/02/27/photo_20250227_140002.jpg,2025-02-27 14:00:13,14,Cultivo1,1,Stationary
378,27.0,8.421094,2.98608,0.4219625419584065,3.906048,0.6291875886379197,2.092928,0.4458141244958485,2.999776,0.4495330352977409,photos/2025/02/27/photo_20250227_150002.jpg,2025-02-27 15:00:13,15,Cultivo1,1,Stationary
379,27.25,8.369011,2.862416,0.566948132287249,3.614224,0.8459556003857412,2.200464,0.5661365938923221,2.908112,0.556608116591916,photos/2025/02/27/photo_20250227_160002.jpg,2025-02-27 16:00:13,16,Cultivo1,1,Stationary
380,27.3125,8.522005,2.86912,0.4487885274825995,3.697008,0.7099886252159255,2.03976,0.4591017595261425,2.868608,0.4581878897744898,photos/2025/02/27/photo_20250227_170002.jpg,2025-02-27 17:00:13,17,Cultivo1,1,Stationary
381,27.375,8.476433,2.787696,0.5033896759211496,3.486752,0.7676669137692466,2.091776,0.461370796197592,2.789488,0.4578784749865405,photos/2025/02/27/photo_20250227_180002.jpg,2025-02-27 18:00:13,18,Cultivo1,1,Stationary
382,27.4375,8.440625,2.864672,0.4949249396989406,3.724224,0.7432547327962332,2.019008,0.5130831632552368,2.872256,0.5215682797716901,photos/2025/02/27/photo_20250227_190002.jpg,2025-02-27 19:00:13,19,Cultivo1,1,Stationary
383,27.5,8.466667,2.853536,0.494213369305202,3.67168,0.7406902035264137,2.03384,0.4923619570031787,2.85456,0.4964828359570953,photos/2025/02/27/photo_20250227_200002.jpg,2025-02-27 20:00:13,20,Cultivo1,1,Stationary
384,27.5625,8.43086,2.86056,0.4455834826382145,3.709216,0.6943346925971653,2.0144,0.4638237665320741,2.862896,0.4579983550014127,photos/2025/02/27/photo_20250227_210002.jpg,2025-02-27 21:00:13,21,Cultivo1,1,Stationary
385,27.5,8.613152,2.776608,0.4650895720353231,3.562928,0.74753465927407,1.985728,0.4691950706646436,2.77456,0.4692385389117139,photos/2025/02/27/photo_20250227_220002.jpg,2025-02-27 22:00:13,22,Cultivo1,1,Stationary
386,27.5,8.622917,2.757456,0.514042269639375,3.46264,0.7919370116366579,2.053968,0.4832270771221331,2.75904,0.4858829883830056,photos/2025/02/27/photo_20250227_230002.jpg,2025-02-27 23:00:13,23,Cultivo1,1,Stationary
387,27.4375,8.574089,2.721888,0.526835819830049,3.427296,0.8006061006412578,2.013712,0.502216801248226,2.720944,0.5011663884020955,photos/2025/02/28/photo_20250228_000002.jpg,2025-02-28 00:00:13,0,Cultivo1,1,Stationary
388,27.375,8.746614,2.805872,0.443585420571957,3.617808,0.7136114314779438,1.979216,0.458478265151141,2.799184,0.4528409589955396,photos/2025/02/28/photo_20250228_010002.jpg,2025-02-28 01:00:13,1,Cultivo1,1,Stationary
389,27.3125,8.704297,2.81272,0.4877502151552575,3.569536,0.7219838950447579,2.045296,0.4522457314336975,2.807984,0.4456117769359333,photos/2025/02/28/photo_20250228_020002.jpg,2025-02-28 02:00:13,2,Cultivo1,1,Stationary
390,27.375,8.499219,2.794304,0.4860155372660425,3.559472,0.7364774818119016,2.013744,0.4726025344663314,2.787392,0.4623222234935284,photos/2025/02/28/photo_20250228_030002.jpg,2025-02-28 03:00:13,3,Cultivo1,1,Stationary
391,27.3125,8.434114,2.811696,0.456812546237513,3.62416,0.6870169535026046,1.98824,0.4425896559839599,2.80632,0.4372734357355818,photos/2025/02/28/photo_20250228_040002.jpg,2025-02-28 04:00:13,4,Cultivo1,1,Stationary
392,27.3125,8.554558,2.801536,0.4910686667422388,3.596448,0.7223695614406797,2.001888,0.4703063264554284,2.80032,0.4681537115093717,photos/2025/02/28/photo_20250228_050002.jpg,2025-02-28 05:00:13,5,Cultivo1,1,Stationary
393,27.1875,8.486198,2.738176,0.510208347967769,3.520624,0.770105610045791,1.957392,0.4962501315103101,2.739696,0.504350897276886,photos/2025/02/28/photo_20250228_060002.jpg,2025-02-28 06:00:13,6,Cultivo1,1,Stationary
394,27.125,8.528516,2.78616,0.5220869873881172,3.372224,0.8049107365565452,2.20576,0.4701493958307296,2.789104,0.4653287839624796,photos/2025/02/28/photo_20250228_070002.jpg,2025-02-28 07:00:13,7,Cultivo1,1,Stationary
395,27.0,7.97513,2.823216,0.4857814538081913,3.555696,0.7270446723441415,2.076944,0.4433998391339357,2.817072,0.4346876428149298,photos/2025/02/28/photo_20250228_080002.jpg,2025-02-28 08:00:13,8,Cultivo1,1,Stationary
396,27.0,7.831902,2.836336,0.4993988321972729,3.637392,0.7376418089669267,2.03008,0.4777092160551228,2.835248,0.4876154001833823,photos/2025/02/28/photo_20250228_090002.jpg,2025-02-28 09:00:13,9,Cultivo1,1,Stationary
397,26.8125,7.841667,2.934704,0.4634351441830884,3.799584,0.670493420507614,2.097056,0.46349156668056,2.948496,0.4528171131748446,photos/2025/02/28/photo_20250228_100002.jpg,2025-02-28 10:00:13,10,Cultivo1,1,Stationary
398,26.9375,8.284375,2.989936,0.5578755441996002,3.796192,0.7196654077666927,2.236928,0.430305375174422,3.018304,0.4918708810084208,photos/2025/02/28/photo_20250228_110002.jpg,2025-02-28 11:00:13,11,Cultivo1,1,Stationary
399,27.0625,8.248568,3.032768,0.5547347581538405,3.905552,0.7350371251140994,2.198064,0.4605890339293805,3.054128,0.5391828628730702,photos/2025/02/28/photo_20250228_120002.jpg,2025-02-28 12:00:13,12,Cultivo1,1,Stationary
400,27.25,8.421094,3.087264,0.6064539439858562,3.901008,0.7544061134004681,2.334768,0.5336375120847484,3.119872,0.5444985799944754,photos/2025/02/28/photo_20250228_130002.jpg,2025-02-28 13:00:13,13,Cultivo1,1,Stationary
401,27.25,8.375521,3.026144,0.5341429923307054,3.928256,0.7110589275608599,2.168912,0.4975344121405072,3.050128,0.5367449893720481,photos/2025/02/28/photo_20250228_140002.jpg,2025-02-28 14:00:13,14,Cultivo1,1,Stationary
402,27.3125,8.421094,3.07016,0.6702323057089982,3.966624,0.9248081112447056,2.309872,0.6297345269238459,3.140176,0.7086315608438564,photos/2025/02/28/photo_20250228_150002.jpg,2025-02-28 15:00:13,15,Cultivo1,1,Stationary
403,27.4375,8.424349,2.987904,0.494600819797137,3.899984,0.6994832376433334,2.108416,0.4829054636095971,3.00504,0.521588533616298,photos/2025/02/28/photo_20250228_160002.jpg,2025-02-28 16:00:13,16,Cultivo1,1,Stationary
404,27.4375,8.492708,2.987936,0.7068809698499458,3.853568,0.9481422200155418,2.266592,0.6501064988938351,3.06208,0.7266044822322527,photos/2025/02/28/photo_20250228_170002.jpg,2025-02-28 17:00:13,17,Cultivo1,1,Stationary
405,27.5,8.411328,2.9772,0.6989536919024035,3.794912,0.9517746121094006,2.307024,0.619451499312093,3.052928,0.7036466633303963,photos/2025/02/28/photo_20250228_180002.jpg,2025-02-28 18:00:13,18,Cultivo1,1,Stationary
406,27.625,8.355989,3.027264,0.6220393260365457,3.932512,0.8302802959579373,2.189808,0.6156562955935723,3.063808,0.6509259090987237,photos/2025/02/28/photo_20250228_190002.jpg,2025-02-28 19:00:13,19,Cultivo1,1,Stationary
407,27.625,8.43086,3.05984,0.6682877676689885,4.022224,0.8962332809174184,2.217328,0.6461974732231627,3.122464,0.7271276151433117,photos/2025/02/28/photo_20250228_200002.jpg,2025-02-28 20:00:13,20,Cultivo1,1,Stationary
408,27.6875,8.209505,3.19144,0.9977255069085886,4.289376,1.3561023304397053,2.385808,0.843710096182332,3.344992,1.14862897401032,photos/2025/02/28/photo_20250228_210002.jpg,2025-02-28 21:00:13,21,Cultivo1,1,Stationary
409,27.75,8.365755,3.22288,1.1236478891610129,4.362512,1.5045933170980124,2.510928,0.8968503250821733,3.44648,1.277347098325275,photos/2025/02/28/photo_20250228_220002.jpg,2025-02-28 22:00:13,22,Cultivo1,1,Stationary
410,27.6875,8.385286,3.179424,0.9631517760685488,4.240848,1.2276124147694174,2.541984,0.8393515522258835,3.396176,1.0358632038179558,photos/2025/02/28/photo_20250228_230002.jpg,2025-02-28 23:00:13,23,Cultivo1,1,Stationary
411,27.625,8.525261,3.31712,1.2001142703992815,4.584416,1.6676384317183386,2.606272,0.9811885168508648,3.620032,1.430191707071468,photos/2025/03/01/photo_20250301_000002.jpg,2025-03-01 00:00:13,0,Cultivo1,1,Stationary
412,27.5625,8.359245,3.13312,0.91874830621667,4.190464,1.1943514828994015,2.389232,0.8076874801555365,3.294848,1.010303249968048,photos/2025/03/01/photo_20250301_010002.jpg,2025-03-01 01:00:13,1,Cultivo1,1,Stationary
413,27.5,8.486198,3.272464,0.9784043203829388,4.327424,1.2489585758639077,2.510816,0.8410204329884026,3.425296,1.075294988542214,photos/2025/03/01/photo_20250301_020002.jpg,2025-03-01 02:00:13,2,Cultivo1,1,Stationary
414,27.4375,8.460156,3.409776,1.2107992170727564,4.631248,1.5292265896511217,2.670544,1.061532679583629,3.667008,1.3547059931719505,photos/2025/03/01/photo_20250301_030002.jpg,2025-03-01 03:00:13,3,Cultivo1,1,Stationary
415,27.375,8.44388,3.187664,0.981139361974638,4.275728,1.2478036985103065,2.493872,0.8246782542931517,3.389472,1.0656488920915743,photos/2025/03/01/photo_20250301_040002.jpg,2025-03-01 04:00:13,4,Cultivo1,1,Stationary
416,27.375,8.414583,3.323456,0.9375670552573828,4.408032,1.1542642188753838,2.482336,0.8453071726088688,3.454928,1.0309454470610944,photos/2025/03/01/photo_20250301_050002.jpg,2025-03-01 05:00:13,5,Cultivo1,1,Stationary
417,27.3125,8.307161,3.418896,1.1018223479309175,4.610544,1.4072228054092926,2.63944,0.9860781618026028,3.6408,1.2402448790460698,photos/2025/03/01/photo_20250301_060002.jpg,2025-03-01 06:00:13,6,Cultivo1,1,Stationary
418,27.1875,8.355989,3.107216,1.1252008957266253,4.254048,1.5718433807781231,2.592016,0.9338140764327768,3.429808,1.2877333121170704,photos/2025/03/01/photo_20250301_070002.jpg,2025-03-01 07:00:13,7,Cultivo1,1,Stationary
419,27.125,8.300652,3.223024,1.0831079433851458,4.314672,1.451742929177201,2.526176,0.8801660612770751,3.426816,1.2233217492319834,photos/2025/03/01/photo_20250301_080002.jpg,2025-03-01 08:00:13,8,Cultivo1,1,Stationary
420,26.875,8.277864,3.464912,1.2525931272364543,4.637888,1.654388980698312,2.66976,1.089837066838892,3.6768,1.4358794378359208,photos/2025/03/01/photo_20250301_090002.jpg,2025-03-01 09:00:13,9,Cultivo1,1,Stationary
421,26.8125,8.391797,3.275648,0.980152794488696,4.353088,1.1992134356552215,2.535616,0.8896123763167867,3.450096,1.0508613565946745,photos/2025/03/01/photo_20250301_100002.jpg,2025-03-01 10:00:13,10,Cultivo1,1,Stationary
422,26.8125,8.342969,3.405296,1.1893451825538288,4.574736,1.5965057251084318,2.617856,1.0359648412875797,3.618576,1.3872230290129992,photos/2025/03/01/photo_20250301_110002.jpg,2025-03-01 11:00:13,11,Cultivo1,1,Stationary
423,26.8125,8.225781,3.316,1.1552521889596228,4.582144,1.5499949558834054,2.635648,0.9566357718588616,3.631664,1.3337918095055163,photos/2025/03/01/photo_20250301_120002.jpg,2025-03-01 12:00:13,12,Cultivo1,1,Stationary
424,26.875,8.28763,3.522896,1.4329964054330353,5.019216,1.9518439346792047,3.118496,1.135311311131885,4.094976,1.6716756741138517,photos/2025/03/01/photo_20250301_130002.jpg,2025-03-01 13:00:13,13,Cultivo1,1,Stationary
425,27.0,8.264844,3.561424,1.276144192479831,4.72408,1.7852227182063307,2.784,1.0649108376873626,3.771808,1.5138693507486043,photos/2025/03/01/photo_20250301_140002.jpg,2025-03-01 14:00:13,14,Cultivo1,1,Stationary
426,27.125,8.28112,3.426016,1.139894879756901,4.53088,1.4340287394609637,2.714848,0.9397267516379428,3.632864,1.2460349744304933,photos/2025/03/01/photo_20250301_150002.jpg,2025-03-01 15:00:13,15,Cultivo1,1,Stationary
427,27.3125,8.326693,3.178864,0.961612023086234,4.231232,1.3497035830788924,2.392416,0.8168376028954593,3.318016,1.1249968105483676,photos/2025/03/01/photo_20250301_160002.jpg,2025-03-01 16:00:13,16,Cultivo1,1,Stationary
428,27.375,8.329948,3.193056,0.8839424199889946,4.274096,1.1480868359074587,2.314512,0.7973213786573141,3.303728,1.004623960502635,photos/2025/03/01/photo_20250301_170002.jpg,2025-03-01 17:00:13,17,Cultivo1,1,Stationary
429,27.5,8.395052,3.158656,0.7842899674380643,4.179728,1.0854537512100642,2.291824,0.7063683696655733,3.24224,0.9088585051590816,photos/2025/03/01/photo_20250301_180002.jpg,2025-03-01 18:00:13,18,Cultivo1,1,Stationary
430,27.5625,8.352735,3.168384,1.0697513729834611,4.327104,1.3970178857781312,2.508,0.8847682343664923,3.42824,1.1976988362689511,photos/2025/03/01/photo_20250301_190002.jpg,2025-03-01 19:00:13,19,Cultivo1,1,Stationary
431,27.625,8.401563,3.28088,1.108662340199215,4.413136,1.441840020773456,2.630368,0.938203829452854,3.531808,1.2347486590946353,photos/2025/03/01/photo_20250301_200002.jpg,2025-03-01 20:00:13,20,Cultivo1,1,Stationary
432,27.75,8.342969,3.09152,0.92336328483214,4.0664,1.2352064766669577,2.331168,0.7508555717313418,3.20384,1.0152365509574603,photos/2025/03/01/photo_20250301_210002.jpg,2025-03-01 21:00:13,21,Cultivo1,1,Stationary
433,27.75,8.382031,3.104656,0.9129769334567002,4.11632,1.3029710885510852,2.344176,0.76639880066712,3.2376,1.057995387513575,photos/2025/03/01/photo_20250301_220002.jpg,2025-03-01 22:00:13,22,Cultivo1,1,Stationary
434,27.75,8.3625,3.146336,0.942037189788174,4.201792,1.2490444302489805,2.319584,0.7667866555333368,3.266624,1.062050677992345,photos/2025/03/01/photo_20250301_230002.jpg,2025-03-01 23:00:13,23,Cultivo1,1,Stationary
435,27.6875,8.434114,3.102832,1.0187619559759775,4.153504,1.3834408270627263,2.427584,0.8420745690115573,3.29696,1.141706949440179,photos/2025/03/02/photo_20250302_000002.jpg,2025-03-02 00:00:13,0,Cultivo1,1,Stationary
436,27.625,8.342969,3.160784,0.7588683399483733,4.150592,0.9678729511335668,2.304432,0.7129126912490757,3.231632,0.8220137569262451,photos/2025/03/02/photo_20250302_010002.jpg,2025-03-02 01:00:13,1,Cultivo1,1,Stationary
437,27.5625,8.294141,3.092928,0.7705483314731141,4.082688,0.9935364586445732,2.251808,0.7106534927909662,3.171024,0.8423103890039586,photos/2025/03/02/photo_20250302_020002.jpg,2025-03-02 02:00:13,2,Cultivo1,1,Stationary
438,27.5625,8.372266,3.128432,0.9702485586693752,4.108672,1.2881856995076446,2.39688,0.792202765317062,3.257472,1.0681480090399458,photos/2025/03/02/photo_20250302_030002.jpg,2025-03-02 03:00:13,3,Cultivo1,1,Stationary
439,27.5,8.255078,3.027728,0.7499717415049715,4.001776,0.9817274804262128,2.254288,0.6866841763256235,3.132208,0.8038165491802218,photos/2025/03/02/photo_20250302_040002.jpg,2025-03-02 04:00:13,4,Cultivo1,1,Stationary
440,27.375,8.561068,3.056528,0.8062329152298361,4.045184,1.0865460902069457,2.27192,0.7189913665795995,3.165264,0.8967674226375533,photos/2025/03/02/photo_20250302_050002.jpg,2025-03-02 05:00:13,5,Cultivo1,1,Stationary
441,27.3125,8.313672,3.14512,0.8892751844418014,4.157632,1.1916174522790444,2.318656,0.776883637104039,3.245392,1.0085825530594907,photos/2025/03/02/photo_20250302_060002.jpg,2025-03-02 06:00:13,6,Cultivo1,1,Stationary
442,27.1875,8.352735,3.047792,0.6239828286868158,3.956864,0.7822399155655508,2.216752,0.5888870220475232,3.088848,0.6215030433521624,photos/2025/03/02/photo_20250302_070002.jpg,2025-03-02 07:00:13,7,Cultivo1,1,Stationary
443,27.0625,8.369011,3.076656,0.8044594358549099,4.050368,1.1072520329970046,2.248992,0.6946624055352356,3.154304,0.9130861271446412,photos/2025/03/02/photo_20250302_080002.jpg,2025-03-02 08:00:13,8,Cultivo1,1,Stationary
444,27.0,8.329948,3.074016,0.7295401526331502,4.056368,0.9407266598624704,2.192736,0.66177460796256,3.129232,0.7935257337830954,photos/2025/03/02/photo_20250302_090002.jpg,2025-03-02 09:00:13,9,Cultivo1,1,Stationary
445,26.875,8.3625,3.066864,0.7925050969577421,4.044032,1.0977710066202333,2.202464,0.6732081442644615,3.129024,0.908075331359684,photos/2025/03/02/photo_20250302_100002.jpg,2025-03-02 10:00:13,10,Cultivo1,1,Stationary
446,26.8125,8.453646,3.151056,0.8853880178452834,4.139616,1.2365999242050765,2.306816,0.7431272332945416,3.230192,1.027503597626792,photos/2025/03/02/photo_20250302_110002.jpg,2025-03-02 11:00:13,11,Cultivo1,1,Stationary
447,26.8125,8.202995,3.149664,0.9160971003207028,4.108784,1.2221121230656375,2.395472,0.7772983256794009,3.25792,1.0072721943943457,photos/2025/03/02/photo_20250302_120002.jpg,2025-03-02 12:00:13,12,Cultivo1,1,Stationary
448,26.875,8.300652,3.131408,0.9558584631628262,4.120016,1.2308875495933818,2.46728,0.8318244631747733,3.298112,1.0231525963686945,photos/2025/03/02/photo_20250302_130002.jpg,2025-03-02 13:00:13,13,Cultivo1,1,Stationary
449,26.9375,8.352735,3.131008,0.9587362982593284,4.022944,1.2931517980747658,2.46152,0.7418604342704901,3.246784,1.0439586473342706,photos/2025/03/02/photo_20250302_140002.jpg,2025-03-02 14:00:13,14,Cultivo1,1,Stationary
450,27.1875,8.382031,3.167232,0.8348492903512584,4.084432,1.0894068282216702,2.39568,0.7036145664893529,3.24408,0.8901555783120162,photos/2025/03/02/photo_20250302_150002.jpg,2025-03-02 15:00:13,15,Cultivo1,1,Stationary
451,27.3125,8.336458,3.087088,0.8031242372236067,4.079344,1.0886581325944338,2.217328,0.7073893413502921,3.156288,0.9143949152614532,photos/2025/03/02/photo_20250302_160002.jpg,2025-03-02 16:00:13,16,Cultivo1,1,Stationary
452,27.375,8.450391,3.054848,0.8383302778642795,3.947136,1.1017755658499602,2.341904,0.7307199852857454,3.148928,0.8872409203908486,photos/2025/03/02/photo_20250302_170002.jpg,2025-03-02 17:00:13,17,Cultivo1,1,Stationary
453,27.5,8.427605,3.045488,0.600028414473848,4.005088,0.8303867245181608,2.092768,0.5414894660618985,3.052768,0.6872317936300677,photos/2025/03/02/photo_20250302_180002.jpg,2025-03-02 18:00:13,18,Cultivo1,1,Stationary
454,27.6875,8.482943,3.06288,0.8911578122869149,4.055312,1.226297102115144,2.18744,0.761502531578195,3.130128,1.0280596790147931,photos/2025/03/02/photo_20250302_190002.jpg,2025-03-02 19:00:13,19,Cultivo1,1,Stationary
455,27.75,8.502474,2.995344,0.7568289036341042,3.829232,1.0218288947646763,2.266432,0.5840499307970167,3.051712,0.7868811022359097,photos/2025/03/02/photo_20250302_200002.jpg,2025-03-02 20:00:13,20,Cultivo1,1,Stationary
456,27.8125,8.404818,3.014192,0.6894374228775226,3.9524,1.0040987202461715,2.161456,0.5881280363458283,3.063792,0.7957151379331677,photos/2025/03/02/photo_20250302_210002.jpg,2025-03-02 21:00:13,21,Cultivo1,1,Stationary
457,27.8125,8.463411,2.987824,0.7219546090994917,3.957728,1.0235336232952976,2.09632,0.6179415385163874,3.033376,0.837924843064102,photos/2025/03/02/photo_20250302_220002.jpg,2025-03-02 22:00:13,22,Cultivo1,1,Stationary
458,27.8125,8.466667,2.994336,0.6022549626196533,3.929072,0.8198787830014874,2.1136,0.5727127719057783,3.024704,0.6563152538102403,photos/2025/03/02/photo_20250302_230002.jpg,2025-03-02 23:00:13,23,Cultivo1,1,Stationary
459,27.6875,8.476433,3.004272,0.6226918840518157,3.92176,0.8162686459738606,2.146256,0.5657965623932334,3.036928,0.6524632731548957,photos/2025/03/03/photo_20250303_000002.jpg,2025-03-03 00:00:13,0,Cultivo1,1,Stationary
460,27.625,8.512239,2.912304,0.504880868577925,3.749264,0.6859937742458017,2.104112,0.4396423678218467,2.927504,0.4652486754242294,photos/2025/03/03/photo_20250303_010002.jpg,2025-03-03 01:00:13,1,Cultivo1,1,Stationary
461,27.5625,8.43086,2.984832,0.4902775223238365,3.950448,0.6658472792585399,2.042848,0.4881904666992177,2.999008,0.547312539538425,photos/2025/03/03/photo_20250303_020002.jpg,2025-03-03 02:00:13,2,Cultivo1,1,Stationary
462,27.5625,8.316927,2.89952,0.5787265724813403,3.687584,0.7792895757958015,2.162048,0.5074955857936106,2.926064,0.5374211271470447,photos/2025/03/03/photo_20250303_030002.jpg,2025-03-03 03:00:13,3,Cultivo1,1,Stationary
463,27.5625,8.398308,2.991232,0.5950489001754393,3.86016,0.8158019210568213,2.18008,0.5176747262287391,3.02456,0.611742434689633,photos/2025/03/03/photo_20250303_040002.jpg,2025-03-03 04:00:13,4,Cultivo1,1,Stationary
464,27.5,8.404818,2.948432,0.8844235019581965,3.792368,1.1607760130946885,2.318928,0.7304661124076872,3.05944,0.9281049975083636,photos/2025/03/03/photo_20250303_050002.jpg,2025-03-03 05:00:13,5,Cultivo1,1,Stationary
465,27.375,8.352735,2.957824,0.6477670334804019,3.845792,0.872529594189217,2.120656,0.5403528338261954,2.985472,0.6786198768205954,photos/2025/03/03/photo_20250303_060002.jpg,2025-03-03 06:00:13,6,Cultivo1,1,Stationary
466,27.3125,8.355989,2.91496,0.8172501449519601,3.680544,1.1036212502774674,2.275024,0.654742849063661,2.982128,0.8497626678173148,photos/2025/03/03/photo_20250303_070002.jpg,2025-03-03 07:00:13,7,Cultivo1,1,Stationary
467,27.1875,7.991406,2.895792,0.6836453068660677,3.59896,0.9287835691914452,2.28288,0.5726610627028871,2.943744,0.6626275442992089,photos/2025/03/03/photo_20250303_080002.jpg,2025-03-03 08:00:13,8,Cultivo1,1,Stationary
468,27.125,8.001172,2.942,0.681995842802579,3.728768,0.9477221123177404,2.21448,0.5799413763476443,2.977152,0.705423255142613,photos/2025/03/03/photo_20250303_090002.jpg,2025-03-03 09:00:13,9,Cultivo1,1,Stationary
469,27.125,8.245313,2.940448,0.6950922271353637,3.633408,0.8799149422165758,2.332576,0.5486616072735544,2.985952,0.6347744904263245,photos/2025/03/03/photo_20250303_100002.jpg,2025-03-03 10:00:13,10,Cultivo1,1,Stationary
470,27.125,8.28112,2.945904,0.6990993566010486,3.88744,0.9317780027452892,2.09336,0.5984526905144634,2.9956,0.7628765562002807,photos/2025/03/03/photo_20250303_110002.jpg,2025-03-03 11:00:13,11,Cultivo1,1,Stationary
471,27.1875,8.352735,3.05688,0.7522165645610311,3.776768,0.9671026182241468,2.4232,0.5766217699671077,3.102032,0.7216463614375118,photos/2025/03/03/photo_20250303_120002.jpg,2025-03-03 12:00:13,12,Cultivo1,1,Stationary
472,27.3125,8.365755,3.05944,0.7017762878182762,3.983856,0.9513671064652172,2.231184,0.5959889985561815,3.11184,0.7602550982400578,photos/2025/03/03/photo_20250303_130002.jpg,2025-03-03 13:00:13,13,Cultivo1,1,Stationary
473,27.625,8.388542,3.02952,0.7853588576542573,3.774432,1.0461353054820397,2.415552,0.5819489407155923,3.100064,0.7961326496909922,photos/2025/03/03/photo_20250303_140002.jpg,2025-03-03 14:00:13,14,Cultivo1,1,Stationary
474,27.9375,8.50573,3.04224,0.7028462289178196,3.766224,0.9406491279026415,2.405136,0.5021312402151453,3.089104,0.6784073092059077,photos/2025/03/03/photo_20250303_150002.jpg,2025-03-03 15:00:13,15,Cultivo1,1,Stationary
475,28.125,8.486198,2.88888,0.6873580156395936,3.543808,0.9116583017424896,2.305344,0.561701295707959,2.926464,0.6453529706323509,photos/2025/03/03/photo_20250303_160002.jpg,2025-03-03 16:00:13,16,Cultivo1,1,Stationary
476,28.25,8.570833,2.89208,0.6495552496901245,3.686784,0.8953433628189802,2.14576,0.5372683441260986,2.919888,0.6554128984510451,photos/2025/03/03/photo_20250303_170002.jpg,2025-03-03 17:00:13,17,Cultivo1,1,Stationary
477,28.3125,8.596875,2.938064,0.6844088323918679,3.67704,0.9072336184247142,2.262512,0.5565500264163141,2.972624,0.6586308181553608,photos/2025/03/03/photo_20250303_180002.jpg,2025-03-03 18:00:13,18,Cultivo1,1,Stationary
478,28.3125,8.535027,2.872768,0.6376411447703167,3.638416,0.8760781991032536,2.158864,0.555586193291374,2.901856,0.6276812529174343,photos/2025/03/03/photo_20250303_190002.jpg,2025-03-03 19:00:13,19,Cultivo1,1,Stationary
479,28.3125,8.561068,2.849504,0.6198889139192602,3.654576,0.8271748667748556,2.09688,0.5283398091985877,2.876896,0.5961051964074797,photos/2025/03/03/photo_20250303_200002.jpg,2025-03-03 20:00:13,20,Cultivo1,1,Stationary
480,28.25,8.577344,2.766896,0.6400797118359556,3.425728,0.9006862217309645,2.172864,0.5749839347181798,2.800624,0.611889868051433,photos/2025/03/03/photo_20250303_210002.jpg,2025-03-03 21:00:13,21,Cultivo1,1,Stationary
481,28.25,8.531771,2.931264,0.5132463220871631,3.8456,0.6949652077622304,2.035808,0.478342306621524,2.943376,0.5363671528197825,photos/2025/03/03/photo_20250303_220002.jpg,2025-03-03 22:00:13,22,Cultivo1,1,Stationary
482,28.25,8.548047,2.856432,0.6076149220550792,3.615152,0.8512602521532413,2.129136,0.5274961889682238,2.874128,0.5945992260472595,photos/2025/03/03/photo_20250303_230002.jpg,2025-03-03 23:00:13,23,Cultivo1,1,Stationary
483,28.1875,8.508985,2.855664,0.5803912426079498,3.612448,0.7951725896281889,2.110752,0.4920641412498985,2.863088,0.5406580289388109,photos/2025/03/04/photo_20250304_000002.jpg,2025-03-04 00:00:13,0,Cultivo1,1,Stationary
484,28.125,8.606641,2.797744,0.6000357986120495,3.35224,0.8071523910637941,2.254128,0.4963270196795657,2.80384,0.5067714025080737,photos/2025/03/04/photo_20250304_010002.jpg,2025-03-04 01:00:13,1,Cultivo1,1,Stationary
485,28.0,8.544792,2.855248,0.5790120013125808,3.63056,0.8068271725716728,2.093344,0.5021462520979321,2.863424,0.5590304072445433,photos/2025/03/04/photo_20250304_020002.jpg,2025-03-04 02:00:13,2,Cultivo1,1,Stationary
486,27.9375,8.492708,2.824512,0.5943455240716464,3.51968,0.825230087672523,2.143504,0.5176137187671903,2.83288,0.5503952267234883,photos/2025/03/04/photo_20250304_030002.jpg,2025-03-04 03:00:13,3,Cultivo1,1,Stationary
487,27.75,8.528516,2.731952,0.6443866345479242,3.295344,0.9003398922984586,2.218096,0.5630544109551048,2.757696,0.6027476848433347,photos/2025/03/04/photo_20250304_040002.jpg,2025-03-04 04:00:13,4,Cultivo1,1,Stationary
488,27.75,8.378777,2.77952,0.6142230786937268,3.369584,0.8555884915916062,2.22064,0.530415468854369,2.795296,0.5568341515963259,photos/2025/03/04/photo_20250304_050002.jpg,2025-03-04 05:00:13,5,Cultivo1,1,Stationary
489,27.625,8.382031,2.775792,0.637814422364374,3.498208,0.8654691148365722,2.084432,0.5609302743978077,2.793088,0.6076606160152228,photos/2025/03/04/photo_20250304_060002.jpg,2025-03-04 06:00:13,6,Cultivo1,1,Stationary
490,27.5625,8.391797,2.803712,0.5921187796515156,3.537984,0.8285392059184646,2.087472,0.5309906035477464,2.815392,0.5650627277886943,photos/2025/03/04/photo_20250304_070002.jpg,2025-03-04 07:00:13,7,Cultivo1,1,Stationary
491,27.125,8.163933,2.869504,0.5906319698221558,3.572688,0.8095903004952567,2.193168,0.4882241226977626,2.884464,0.5360703617101025,photos/2025/03/04/photo_20250304_080002.jpg,2025-03-04 08:00:13,8,Cultivo1,1,Stationary
492,27.0,8.482943,2.850736,0.5997358938732948,3.581472,0.823981985977849,2.16024,0.4895796751336804,2.872176,0.5555222993039973,photos/2025/03/04/photo_20250304_090002.jpg,2025-03-04 09:00:13,9,Cultivo1,1,Stationary
493,27.0,8.495964,2.877184,0.5949464870860236,3.56376,0.7978061559050544,2.221248,0.4758699718872793,2.893312,0.5248787199496662,photos/2025/03/04/photo_20250304_100002.jpg,2025-03-04 10:00:13,10,Cultivo1,1,Stationary
494,26.9375,8.232292,3.00248,0.5030684053048851,3.93128,0.6413217301791667,2.087328,0.4359195448703808,3.012112,0.5040608092839594,photos/2025/03/04/photo_20250304_110002.jpg,2025-03-04 11:00:13,11,Cultivo1,1,Stationary
495,27.0,8.20625,3.120672,0.6813215874577878,3.97304,0.8617338094794703,2.333408,0.5939413004801064,3.1564,0.6728588559274523,photos/2025/03/04/photo_20250304_120002.jpg,2025-03-04 12:00:13,12,Cultivo1,1,Stationary
496,27.25,8.603386,2.93096,0.7100598859701904,3.376064,0.909267764689808,2.555344,0.5275314951735111,2.967232,0.6460574728118236,photos/2025/03/04/photo_20250304_130002.jpg,2025-03-04 13:00:13,13,Cultivo1,1,Stationary
497,27.5,8.577344,2.92136,0.5577293448833404,3.72376,0.732160817307236,2.133184,0.4508211955975451,2.929264,0.5085237637554415,photos/2025/03/04/photo_20250304_140002.jpg,2025-03-04 14:00:13,14,Cultivo1,1,Stationary
498,27.6875,8.704297,2.886736,0.5919179186339945,3.592416,0.8146577704435157,2.20576,0.489002317278763,2.900624,0.54290736836407,photos/2025/03/04/photo_20250304_150002.jpg,2025-03-04 15:00:13,15,Cultivo1,1,Stationary
499,27.9375,8.697786,2.932976,0.6033665459204711,3.793008,0.845024444578972,2.098208,0.5537109204485676,2.949536,0.6392600290210549,photos/2025/03/04/photo_20250304_160002.jpg,2025-03-04 16:00:13,16,Cultivo1,1,Stationary
500,28.125,8.655469,2.829968,0.5937700922882526,3.546832,0.8178207406125135,2.121248,0.5276979429332656,2.835344,0.5524132526143811,photos/2025/03/04/photo_20250304_170002.jpg,2025-03-04 17:00:13,17,Cultivo1,1,Stationary
501,28.25,8.83125,2.687936,0.6632810573384408,3.24408,0.9137488460184232,2.154176,0.5875713232485057,2.700416,0.622518615740927,photos/2025/03/04/photo_20250304_180002.jpg,2025-03-04 18:00:13,18,Cultivo1,1,Stationary
502,28.375,8.827995,2.753728,0.5509928386322276,3.464752,0.7659279199089168,2.030576,0.4935971049509913,2.748128,0.4912193966202882,photos/2025/03/04/photo_20250304_190002.jpg,2025-03-04 19:00:13,19,Cultivo1,1,Stationary
503,28.5,8.854036,2.746128,0.556649373649158,3.481568,0.7673514588348679,2.016896,0.4965934027109099,2.749296,0.5029945371313689,photos/2025/03/04/photo_20250304_200002.jpg,2025-03-04 20:00:13,20,Cultivo1,1,Stationary
504,28.5,8.844271,2.699328,0.5857946559537737,3.31648,0.8444645697718761,2.085584,0.536205509497991,2.701232,0.5393938099162799,photos/2025/03/04/photo_20250304_210002.jpg,2025-03-04 21:00:13,21,Cultivo1,1,Stationary
505,28.5,8.844271,2.662752,0.6210482109981479,3.408672,0.8411962888743626,1.928704,0.5770752000354894,2.67008,0.5930942535550315,photos/2025/03/04/photo_20250304_220002.jpg,2025-03-04 22:00:13,22,Cultivo1,1,Stationary
506,28.5,8.81823,2.717648,0.6056720012151792,3.391344,0.8196303274428052,2.044288,0.5430040037568783,2.719216,0.5470432755678475,photos/2025/03/04/photo_20250304_230002.jpg,2025-03-04 23:00:13,23,Cultivo1,1,Stationary
507,28.5,8.870313,2.718912,0.5715368138624143,3.350656,0.8183009041080183,2.08552,0.5132460776820413,2.718528,0.5141570900182161,photos/2025/03/05/photo_20250305_000002.jpg,2025-03-05 00:00:13,0,Cultivo1,1,Stationary
508,28.4375,8.821485,2.586528,0.6278615482540717,3.117408,0.8929811652750577,2.056832,0.58247824441433,2.588448,0.5898618069480341,photos/2025/03/05/photo_20250305_010002.jpg,2025-03-05 01:00:13,1,Cultivo1,1,Stationary
509,28.3125,8.867058,2.752864,0.6056246728923781,3.295664,0.8625490125807346,2.216672,0.5343667256706764,2.757024,0.5529002291770189,photos/2025/03/05/photo_20250305_020002.jpg,2025-03-05 02:00:13,2,Cultivo1,1,Stationary
510,28.25,8.808464,2.706176,0.6268901706168314,3.36096,0.8598859682539307,2.060272,0.5688474813374846,2.71248,0.5801967335309637,photos/2025/03/05/photo_20250305_030002.jpg,2025-03-05 03:00:13,3,Cultivo1,1,Stationary
511,28.0625,8.801953,2.610864,0.6489752416356113,3.09152,0.9079251563868026,2.146912,0.5916596770982454,2.62008,0.6113303473573023,photos/2025/03/05/photo_20250305_040002.jpg,2025-03-05 04:00:13,4,Cultivo1,1,Stationary
512,28.0,8.759636,2.710192,0.6148250985638111,3.25376,0.8456511469867465,2.173776,0.531649624410664,2.714672,0.5439815552167188,photos/2025/03/05/photo_20250305_050002.jpg,2025-03-05 05:00:13,5,Cultivo1,1,Stationary
513,27.875,8.678255,2.603408,0.6231227836117051,3.083088,0.8809224621134372,2.133888,0.5671355971335251,2.609648,0.5777138704376069,photos/2025/03/05/photo_20250305_060002.jpg,2025-03-05 06:00:13,6,Cultivo1,1,Stationary
514,27.75,8.658724,2.715824,0.627879309472768,3.225424,0.8637684992079764,2.195856,0.556240955903105,2.71216,0.5644077731569614,photos/2025/03/05/photo_20250305_070002.jpg,2025-03-05 07:00:13,7,Cultivo1,1,Stationary
515,27.6875,8.90612,2.73328,0.6579280721294691,3.201936,0.868418016800665,2.282352,0.5671793733908171,2.743232,0.588685140101226,photos/2025/03/05/photo_20250305_080002.jpg,2025-03-05 08:00:13,8,Cultivo1,1,Stationary
516,27.625,8.997266,2.618128,0.6011629176055356,3.188336,0.8514843222890249,2.050864,0.5402645422531447,2.619968,0.5450208060028535,photos/2025/03/05/photo_20250305_090002.jpg,2025-03-05 09:00:13,9,Cultivo1,1,Stationary
517,27.5625,9.098177,2.618704,0.635690410184077,3.079696,0.8572144116753988,2.15968,0.5714589752414428,2.62088,0.5662190614947541,photos/2025/03/05/photo_20250305_100002.jpg,2025-03-05 10:00:13,10,Cultivo1,1,Stationary
518,27.5625,9.283724,2.683312,0.6046563797728426,3.214976,0.8644589749803052,2.15432,0.5417127565933814,2.685136,0.5540944517895844,photos/2025/03/05/photo_20250305_110002.jpg,2025-03-05 11:00:13,11,Cultivo1,1,Stationary
519,27.5625,9.296745,2.70984,0.6218941648351429,3.1608,0.8459972576787705,2.265088,0.5467715925320188,2.713888,0.5507485119870956,photos/2025/03/05/photo_20250305_120002.jpg,2025-03-05 12:00:13,12,Cultivo1,1,Stationary
520,27.625,9.579948,2.933312,0.5344911584525978,3.671536,0.6732602770875465,2.178256,0.4282437514500357,2.92776,0.4232604191275154,photos/2025/03/05/photo_20250305_130002.jpg,2025-03-05 13:00:13,13,Cultivo1,1,Stationary
521,27.25,9.358594,2.891184,0.5650505243816698,3.368448,0.6877834479660004,2.413664,0.3825167684481296,2.891184,0.3825167684481296,photos/2025/03/05/photo_20250305_140002.jpg,2025-03-05 14:00:13,14,Cultivo1,1,Stationary
522,27.375,9.342318,2.683728,0.60203422626957,3.202096,0.8532697151452171,2.16352,0.5412171671482714,2.683728,0.543783065216268,photos/2025/03/05/photo_20250305_150002.jpg,2025-03-05 15:00:13,15,Cultivo1,1,Stationary
523,27.5625,9.420443,2.69704,0.5951991535477852,3.358864,0.846224928434515,2.015296,0.5655786756941956,2.689296,0.5594202573951,photos/2025/03/05/photo_20250305_160002.jpg,2025-03-05 16:00:13,16,Cultivo1,1,Stationary
524,27.75,9.495313,2.519952,0.6518402864996917,3.033024,0.945759702791359,2.024336,0.6124327862680117,2.529504,0.6401574134414127,photos/2025/03/05/photo_20250305_170002.jpg,2025-03-05 17:00:13,17,Cultivo1,1,Stationary
525,27.875,9.485547,2.619456,0.6138492137455256,3.181632,0.8785817073989192,2.055472,0.5686917126739232,2.619168,0.5719781357499603,photos/2025/03/05/photo_20250305_180002.jpg,2025-03-05 18:00:13,18,Cultivo1,1,Stationary
526,28.0,9.495313,2.479168,0.6563095394583259,2.9048,0.8778661401375497,2.062304,0.5852845699110818,2.484304,0.5978307750392247,photos/2025/03/05/photo_20250305_190002.jpg,2025-03-05 19:00:13,19,Cultivo1,1,Stationary
527,28.125,9.560417,2.532656,0.6573584083709586,2.98504,0.8868552296739304,2.090288,0.5932196774079564,2.538864,0.6014462482250597,photos/2025/03/05/photo_20250305_200002.jpg,2025-03-05 20:00:13,20,Cultivo1,1,Stationary
528,28.1875,9.495313,2.590576,0.6434588732778499,3.064992,0.8520281919842793,2.11472,0.5611737593865201,2.590592,0.5661670155846241,photos/2025/03/05/photo_20250305_210002.jpg,2025-03-05 21:00:13,21,Cultivo1,1,Stationary
529,28.1875,9.550652,2.46224,0.5929359561234249,2.890464,0.8831952585379973,2.037456,0.5609119203582681,2.464272,0.5659006184976298,photos/2025/03/05/photo_20250305_220002.jpg,2025-03-05 22:00:13,22,Cultivo1,1,Stationary
530,28.25,9.667839,2.50856,0.6424032087591095,2.907056,0.8331058833449684,2.113376,0.5547240092153936,2.5104,0.559317298141225,photos/2025/03/05/photo_20250305_230002.jpg,2025-03-05 23:00:13,23,Cultivo1,1,Stationary
531,28.25,9.59948,2.55768,0.6056296487326227,3.17752,0.8558449915726561,1.911024,0.5735372852744623,2.546128,0.5614839335332757,photos/2025/03/06/photo_20250306_000002.jpg,2025-03-06 00:00:13,0,Cultivo1,1,Stationary
532,28.1875,9.583203,2.521104,0.6385696518438689,2.978784,0.8459018154277718,2.067088,0.5582424394329044,2.523152,0.5592494835902846,photos/2025/03/06/photo_20250306_010002.jpg,2025-03-06 01:00:13,1,Cultivo1,1,Stationary
533,28.0625,9.586458,2.536176,0.6413639168646768,2.973088,0.8534235432984023,2.086512,0.5757111228941125,2.530512,0.56851826519119,photos/2025/03/06/photo_20250306_020002.jpg,2025-03-06 02:00:13,2,Cultivo1,1,Stationary
534,28.0625,9.547396,2.502432,0.6471473847586807,2.900208,0.856435378026854,2.10568,0.5714351103808725,2.503424,0.579824349457661,photos/2025/03/06/photo_20250306_030002.jpg,2025-03-06 03:00:13,3,Cultivo1,1,Stationary
535,28.0,9.475781,2.537488,0.6430570306776842,3.059184,0.8630372263952465,2.019536,0.5695354684793565,2.539376,0.5738026931132338,photos/2025/03/06/photo_20250306_040002.jpg,2025-03-06 04:00:13,4,Cultivo1,1,Stationary
536,27.875,9.53112,2.553792,0.6070073024404238,3.164496,0.8656818503260884,1.926528,0.5744444452999785,2.5472,0.5689254432700299,photos/2025/03/06/photo_20250306_050002.jpg,2025-03-06 05:00:13,5,Cultivo1,1,Stationary
537,27.8125,9.511589,2.459408,0.6346129365715766,2.8644,0.8591138690534568,2.050144,0.5756668216390449,2.458608,0.5730747790088132,photos/2025/03/06/photo_20250306_060002.jpg,2025-03-06 06:00:13,6,Cultivo1,1,Stationary
538,27.6875,9.462761,2.43488,0.6171610411035356,2.888416,0.8542207038839552,1.973312,0.5554668177308164,2.431168,0.5535179814387243,photos/2025/03/06/photo_20250306_070002.jpg,2025-03-06 07:00:13,7,Cultivo1,1,Stationary
539,27.5625,9.140495,2.584688,0.6308898099161214,3.081616,0.8594014362008012,2.084912,0.5666003376772732,2.583792,0.5636762375122798,photos/2025/03/06/photo_20250306_080002.jpg,2025-03-06 08:00:13,8,Cultivo1,1,Stationary
540,27.625,8.814974,2.538736,0.6527234864963877,3.076752,0.882005176002953,1.999776,0.5914757157348052,2.53888,0.595993578488896,photos/2025/03/06/photo_20250306_090002.jpg,2025-03-06 09:00:13,9,Cultivo1,1,Stationary
541,27.5625,8.850781,2.467328,0.5971004624885163,2.914624,0.8495310109842958,2.018736,0.5389810204599045,2.46736,0.5388642040440245,photos/2025/03/06/photo_20250306_100002.jpg,2025-03-06 10:00:13,10,Cultivo1,1,Stationary
542,27.625,8.814974,2.47424,0.6114897775891269,2.880464,0.8300549046322178,2.067648,0.5384054442518204,2.47424,0.5384054442518204,photos/2025/03/06/photo_20250306_110002.jpg,2025-03-06 11:00:13,11,Cultivo1,1,Stationary
543,27.625,8.827995,2.727584,0.6016936546250092,3.154944,0.8109601450527639,2.288272,0.5205511722626316,2.72256,0.5145435320747896,photos/2025/03/06/photo_20250306_120002.jpg,2025-03-06 12:00:13,12,Cultivo1,1,Stationary
544,27.75,8.83125,2.798768,0.5851102378184816,3.379376,0.8083129657651175,2.17064,0.545528809666364,2.776848,0.5109160252879136,photos/2025/03/06/photo_20250306_130002.jpg,2025-03-06 13:00:13,13,Cultivo1,1,Stationary
545,27.75,8.90612,2.869024,0.5106237753963284,3.625376,0.6879831819339772,2.1144,0.4244116956729633,2.870208,0.4259037881212141,photos/2025/03/06/photo_20250306_140002.jpg,2025-03-06 14:00:13,14,Cultivo1,1,Stationary
546,27.9375,8.915886,2.82328,0.5571401560971889,3.484224,0.7728745809146527,2.144592,0.4887064984221101,2.8156,0.484211358809353,photos/2025/03/06/photo_20250306_150002.jpg,2025-03-06 15:00:13,15,Cultivo1,1,Stationary
547,28.0625,8.886589,2.633984,0.6538933714176952,3.215424,0.8249269666000743,2.031104,0.5737876678214685,2.625008,0.5589749546589722,photos/2025/03/06/photo_20250306_160002.jpg,2025-03-06 16:00:13,16,Cultivo1,1,Stationary
548,28.0,8.994011,2.513472,0.6115233146953598,2.877536,0.8587680529130087,2.136672,0.5781578549289111,2.507712,0.5682152101589678,photos/2025/03/06/photo_20250306_170002.jpg,2025-03-06 17:00:13,17,Cultivo1,1,Stationary
549,28.0,8.951693,2.516336,0.628869765900699,3.103616,0.8632495146503124,1.896256,0.5984823598937565,2.501744,0.5759556914068998,photos/2025/03/06/photo_20250306_180002.jpg,2025-03-06 18:00:13,18,Cultivo1,1,Stationary
550,28.125,8.961458,2.467792,0.6354345610241859,2.853952,0.8244743669126409,2.078784,0.5527265551210653,2.466624,0.5507722239038567,photos/2025/03/06/photo_20250306_190002.jpg,2025-03-06 19:00:13,19,Cultivo1,1,Stationary
551,28.1875,8.997266,2.41448,0.6065444832623573,2.764896,0.8444016278904252,2.049232,0.5688148465010385,2.407792,0.5566989174913133,photos/2025/03/06/photo_20250306_200002.jpg,2025-03-06 20:00:13,20,Cultivo1,1,Stationary
552,28.25,8.997266,2.400576,0.6054195556801911,2.827584,0.8419220408945237,1.97296,0.5405357233560053,2.400576,0.5405357233560053,photos/2025/03/06/photo_20250306_210002.jpg,2025-03-06 21:00:13,21,Cultivo1,1,Stationary
553,28.1875,8.951693,2.401328,0.6180361359532305,2.83344,0.8540548965962317,1.959216,0.5595210777227253,2.397056,0.5559087450868172,photos/2025/03/06/photo_20250306_220002.jpg,2025-03-06 22:00:13,22,Cultivo1,1,Stationary
554,28.125,8.97448,2.308128,0.5729367905938665,2.554032,0.7851882213686091,2.059728,0.5333977274192307,2.307104,0.5345868808566105,photos/2025/03/06/photo_20250306_230002.jpg,2025-03-06 23:00:13,23,Cultivo1,1,Stationary
555,28.125,8.90612,2.326096,0.6027640387415294,2.71104,0.8250806738737734,1.93944,0.5333492277898225,2.325584,0.5333020335082176,photos/2025/03/07/photo_20250307_000002.jpg,2025-03-07 00:00:13,0,Cultivo1,1,Stationary
556,28.0625,8.925652,2.399712,0.6132491077009408,2.787728,0.8369352412319606,2.002352,0.5566815221075692,2.395552,0.5478563819980561,photos/2025/03/07/photo_20250307_010002.jpg,2025-03-07 01:00:13,1,Cultivo1,1,Stationary
557,27.9375,8.925652,2.451152,0.6172574011415335,2.929104,0.8714021787808429,1.939856,0.5978878430742677,2.436432,0.5671323561356731,photos/2025/03/07/photo_20250307_020002.jpg,2025-03-07 02:00:13,2,Cultivo1,1,Stationary
558,28.0,8.922396,2.226768,0.5432928005560168,2.409184,0.6921448216551215,2.044192,0.4870649588874157,2.226768,0.4870649588874157,photos/2025/03/07/photo_20250307_030002.jpg,2025-03-07 03:00:13,3,Cultivo1,1,Stationary
559,27.875,8.932161,2.329728,0.6084131093393698,2.73856,0.8413709802459317,1.912128,0.5514630051200171,2.325472,0.5443711759599327,photos/2025/03/07/photo_20250307_040002.jpg,2025-03-07 04:00:13,4,Cultivo1,1,Stationary
560,27.75,8.954948,2.425456,0.5980418230726009,2.94848,0.8816720986852199,1.866816,0.5876829009457395,2.40952,0.5651100508750486,photos/2025/03/07/photo_20250307_050002.jpg,2025-03-07 05:00:13,5,Cultivo1,1,Stationary
561,27.625,8.902864,2.451056,0.5919010033983724,2.96224,0.8822959721091331,1.925776,0.566579636824339,2.444384,0.5598525346410427,photos/2025/03/07/photo_20250307_060002.jpg,2025-03-07 06:00:13,6,Cultivo1,1,Stationary
562,27.5625,8.811719,2.393776,0.6234211468983066,2.883328,0.8562731132156375,1.89856,0.5589386923661664,2.391616,0.5578932770198973,photos/2025/03/07/photo_20250307_070002.jpg,2025-03-07 07:00:13,7,Cultivo1,1,Stationary
563,21.6875,7.372917,246.02176,13.967696998088124,251.78096,9.450131294241366,251.77736,19.501904073766745,251.2568,11.515382657992744,photos/2025/03/12/photo_20250312_083525.jpg,2025-03-12 08:35:37,0,Cultivo2,2,Lag
564,21.8125,7.385938,226.49696,17.828581041864663,252.852528,10.722935232911556,239.804608,31.72975800031258,245.999952,14.05312491930873,photos/2025/03/12/photo_20250312_083654.jpg,2025-03-12 08:37:05,0,Cultivo2,2,Lag
565,21.8125,7.460808,222.904128,18.24678452331413,252.94104,11.38695656083749,237.577088,33.08890944953635,244.962128,14.703884306931144,photos/2025/03/12/photo_20250312_083717.jpg,2025-03-12 08:37:29,0,Cultivo2,2,Lag
566,21.8125,7.49336,231.751152,17.40374496882507,252.779584,10.34697060916595,241.852064,30.01303734500885,247.179264,13.596989976399335,photos/2025/03/12/photo_20250312_083741.jpg,2025-03-12 08:37:53,0,Cultivo2,2,Lag
567,21.875,7.470573,236.907456,16.95533495491068,252.410448,9.719420375685784,244.601472,28.5461413786183,248.40064,12.936634476957291,photos/2025/03/12/photo_20250312_084102.jpg,2025-03-12 08:41:13,0,Cultivo2,2,Lag
568,21.9375,7.418489,240.704976,15.803891479463404,252.47816,9.383308745554524,246.132688,25.990758065886112,249.325728,12.32970840166206,photos/2025/03/12/photo_20250312_084126.jpg,2025-03-12 08:41:37,0,Cultivo2,2,Lag
569,21.8125,7.395703,242.960976,15.28706351939914,252.454192,9.109695803216264,247.065184,24.9132805773833,249.847952,11.989544837302876,photos/2025/03/12/photo_20250312_084216.jpg,2025-03-12 08:42:27,0,Cultivo2,2,Lag
570,21.9375,7.594271,243.388128,15.453559980450333,252.336656,9.193823510252086,247.546432,25.088858655897763,249.986688,12.109738840728811,photos/2025/03/12/photo_20250312_084408.jpg,2025-03-12 08:44:19,0,Cultivo2,2,Lag
571,22.0,7.555208,239.189024,15.760074306456298,252.688128,9.32660108805003,245.062176,26.04537359930596,248.951296,12.250292238162483,photos/2025/03/12/photo_20250312_084432.jpg,2025-03-12 08:44:43,0,Cultivo2,2,Lag
572,22.0,7.734245,240.164432,16.049266824766296,252.4844,9.575446759290138,245.680384,26.397912987912058,249.131152,12.551776892252985,photos/2025/03/12/photo_20250312_084926.jpg,2025-03-12 08:49:37,0,Cultivo2,2,Lag
573,22.0625,7.740755,241.100976,16.363339428564085,252.398688,9.748069341087804,246.04616,26.69247256901136,249.297008,12.79857469595486,photos/2025/03/12/photo_20250312_085220.jpg,2025-03-12 08:52:31,0,Cultivo2,2,Lag
574,22.125,7.760286,241.462416,16.60039249501481,252.356544,9.959735557536858,246.201616,27.209751991573608,249.361104,13.077124603718664,photos/2025/03/12/photo_20250312_085703.jpg,2025-03-12 08:57:14,0,Cultivo2,2,Lag
575,22.1875,7.753777,240.034416,16.888393558760527,252.464864,10.15924866619102,245.185696,27.308194512617344,248.955008,13.244707007704475,photos/2025/03/12/photo_20250312_090002.jpg,2025-03-12 09:00:13,9,Cultivo2,2,Lag
576,23.125,8.11836,244.41864,17.938877548661065,252.132336,11.085347770056831,245.918512,26.595282373954973,249.492848,14.157329580429211,photos/2025/03/12/photo_20250312_100002.jpg,2025-03-12 10:00:13,10,Cultivo2,2,Lag
577,23.8125,6.920443,246.544192,18.922323006048067,252.120128,11.55847469450948,244.496528,25.728017083855026,249.309856,14.608005108818384,photos/2025/03/12/photo_20250312_110002.jpg,2025-03-12 11:00:13,11,Cultivo2,2,Lag
578,24.5625,7.646355,245.217472,20.420618305100948,251.949824,12.749012603689115,241.676624,26.833523546661105,248.216368,15.806719105765623,photos/2025/03/12/photo_20250312_120002.jpg,2025-03-12 12:00:13,12,Cultivo2,2,Lag
579,25.25,8.056511,244.636112,21.59592729447884,251.992272,14.042691062542678,239.139328,28.758936585406907,247.404048,17.171419778623314,photos/2025/03/12/photo_20250312_130002.jpg,2025-03-12 13:00:13,13,Cultivo2,2,Lag
580,25.9375,7.744011,246.171104,21.82400253453944,251.934096,13.89353895387291,240.160304,27.35842633305476,247.848368,17.012528081874724,photos/2025/03/12/photo_20250312_140002.jpg,2025-03-12 14:00:13,14,Cultivo2,2,Lag
581,26.4375,7.984896,247.7136,21.11211556709559,251.770304,13.054963490856036,243.39104,25.94777506916537,248.916864,16.194838696495374,photos/2025/03/12/photo_20250312_150002.jpg,2025-03-12 15:00:13,15,Cultivo2,2,Lag
582,26.75,8.329948,247.397616,21.840425779667942,251.780928,13.825455054312537,241.380896,26.617194997154453,248.280832,16.92370400910439,photos/2025/03/12/photo_20250312_160002.jpg,2025-03-12 16:00:13,16,Cultivo2,2,Lag
583,27.0625,8.479688,247.066096,22.382986879002544,251.83024,14.36703941466021,239.83912,27.089921951138656,247.791984,17.44976634066325,photos/2025/03/12/photo_20250312_170002.jpg,2025-03-12 17:00:13,17,Cultivo2,2,Lag
584,27.375,8.229036,247.363888,22.305173545591256,251.826832,14.125080560611892,240.054416,26.59041544473226,247.894848,17.2198921906293,photos/2025/03/12/photo_20250312_180002.jpg,2025-03-12 18:00:13,18,Cultivo2,2,Lag
585,27.5625,8.401563,246.935056,22.612993925576152,252.00256,14.662898807752851,237.758816,27.338800381085928,247.240672,17.731621386337352,photos/2025/03/12/photo_20250312_190002.jpg,2025-03-12 19:00:13,19,Cultivo2,2,Lag
586,27.6875,8.212761,247.010064,23.362321464791464,251.788192,15.081820625214185,239.006912,27.578510088761213,247.498704,18.213003220786625,photos/2025/03/12/photo_20250312_200002.jpg,2025-03-12 20:00:13,20,Cultivo2,2,Lag
587,27.6875,8.522005,247.625968,23.16934131221653,251.785232,14.567750777185063,239.363504,26.460214134866256,247.69448,17.694276179872404,photos/2025/03/12/photo_20250312_210002.jpg,2025-03-12 21:00:13,21,Cultivo2,2,Lag
588,27.6875,8.3625,247.230352,23.24464398044556,251.907392,15.15390272366614,236.833344,27.3507161506988,246.948608,18.21475925897282,photos/2025/03/12/photo_20250312_220002.jpg,2025-03-12 22:00:13,22,Cultivo2,2,Lag
589,27.75,8.450391,247.893024,22.88229628910525,251.960736,14.507126880892166,238.57624,26.15286164333502,247.573152,17.59019206219466,photos/2025/03/12/photo_20250312_230002.jpg,2025-03-12 23:00:13,23,Cultivo2,2,Lag
590,27.8125,8.574089,247.663984,22.93437285607993,252.191328,14.905972011124131,236.476048,26.694210406898048,247.035664,17.93459205220749,photos/2025/03/13/photo_20250313_000002.jpg,2025-03-13 00:00:13,0,Cultivo2,2,Lag
591,27.75,8.456902,247.664784,23.044325867737943,252.024176,15.03507923228288,236.684752,26.88726267646716,247.02904,18.08124875882194,photos/2025/03/13/photo_20250313_010002.jpg,2025-03-13 01:00:13,1,Cultivo2,2,Lag
592,27.6875,8.320183,247.317808,22.99076397503797,252.05376,15.1208980507905,235.719936,27.31977814835135,246.698592,18.163405881539287,photos/2025/03/13/photo_20250313_020002.jpg,2025-03-13 02:00:13,2,Cultivo2,2,Lag
593,27.5625,8.346224,247.118832,23.3781272738238,252.011728,15.466316641463669,234.948336,27.798902549485224,246.420768,18.523048838951325,photos/2025/03/13/photo_20250313_030002.jpg,2025-03-13 03:00:13,3,Cultivo2,2,Lag
594,27.5,8.277864,246.923664,23.75856336181967,251.926128,15.537949379748152,235.30768,28.211414087477145,246.442832,18.66266550682876,photos/2025/03/13/photo_20250313_040002.jpg,2025-03-13 04:00:13,4,Cultivo2,2,Lag
595,27.375,8.271355,246.370688,22.685083607514787,252.137664,15.885857629448402,231.204992,28.68496746392884,245.284624,18.76964179675851,photos/2025/03/13/photo_20250313_050002.jpg,2025-03-13 05:00:13,5,Cultivo2,2,Lag
596,27.3125,8.395052,246.55424,23.1644934523162,252.098896,15.727124962344009,232.79824,28.80643070604896,245.748976,18.744246129183857,photos/2025/03/13/photo_20250313_060002.jpg,2025-03-13 06:00:13,6,Cultivo2,2,Lag
597,27.1875,8.557813,245.361248,23.5750236178627,251.904432,16.19065615586274,231.325904,29.249563345159466,245.07464,19.157285321005165,photos/2025/03/13/photo_20250313_070002.jpg,2025-03-13 07:00:13,7,Cultivo2,2,Lag
598,27.125,8.541536,245.270656,22.618736747076216,252.051232,16.253120785934495,229.574592,29.574120465867857,244.61592,19.079479724395004,photos/2025/03/13/photo_20250313_080002.jpg,2025-03-13 08:00:13,8,Cultivo2,2,Lag
599,26.9375,8.352735,244.4272,22.39747678531097,251.993136,16.29747565991445,228.778384,29.481767046091388,244.240928,18.993385840834595,photos/2025/03/13/photo_20250313_090002.jpg,2025-03-13 09:00:13,9,Cultivo2,2,Lag
600,26.9375,8.316927,242.54808,23.242570104556336,251.906864,16.375621322121003,230.023472,30.08276330913768,244.369712,19.25929264113965,photos/2025/03/13/photo_20250313_100002.jpg,2025-03-13 10:00:13,10,Cultivo2,2,Lag
601,26.8125,8.316927,242.335664,22.583317258055427,251.849152,16.84347888296524,227.328496,31.25976253395256,243.493296,19.62910336863057,photos/2025/03/13/photo_20250313_110002.jpg,2025-03-13 11:00:13,11,Cultivo2,2,Lag
602,26.875,8.372266,242.200144,22.72613797596064,251.827312,16.871897191918162,227.71824,31.41349962005609,243.587184,19.691372297281468,photos/2025/03/13/photo_20250313_120002.jpg,2025-03-13 12:00:13,12,Cultivo2,2,Lag
603,26.9375,8.323438,241.172128,23.26971990031474,251.883536,16.624396173596924,228.565664,31.364514533970013,243.751488,19.57824511507239,photos/2025/03/13/photo_20250313_130002.jpg,2025-03-13 13:00:13,13,Cultivo2,2,Lag
604,27.125,8.212761,241.488752,23.03231926719461,251.869104,16.717403693073397,228.884496,32.03049973825723,243.871488,19.68197298712342,photos/2025/03/13/photo_20250313_140002.jpg,2025-03-13 14:00:13,14,Cultivo2,2,Lag
605,27.4375,8.486198,238.053136,22.31214405994941,251.71888,17.03685075199052,225.346992,32.53969158682215,242.346208,19.763102894554184,photos/2025/03/13/photo_20250313_150002.jpg,2025-03-13 15:00:13,15,Cultivo2,2,Lag
606,27.5,8.577344,237.021248,22.90196012150436,251.640576,17.346754347376457,225.228032,33.19432379974769,242.128112,20.136426378964465,photos/2025/03/13/photo_20250313_160002.jpg,2025-03-13 16:00:13,16,Cultivo2,2,Lag
607,27.625,8.570833,236.898176,22.729466672597844,251.63264,17.22369410522609,225.353792,33.80391219774753,242.162112,20.08033126468425,photos/2025/03/13/photo_20250313_170002.jpg,2025-03-13 17:00:13,17,Cultivo2,2,Lag
608,27.75,8.554558,235.425344,23.068318963496235,251.52544,17.674835693901088,224.32272,34.258826285815225,241.624368,20.485031525496268,photos/2025/03/13/photo_20250313_180002.jpg,2025-03-13 18:00:13,18,Cultivo2,2,Lag
609,27.75,8.329948,229.443536,22.93929385917048,251.435152,18.05992875780234,221.904432,34.764676725330034,240.149184,20.666369592508115,photos/2025/03/13/photo_20250313_190002.jpg,2025-03-13 19:00:13,19,Cultivo2,2,Lag
610,27.6875,8.313672,228.81808,23.160462280424024,251.30824,18.244333150389465,221.837584,35.90003667287263,239.992864,20.94190777072385,photos/2025/03/13/photo_20250313_200002.jpg,2025-03-13 20:00:13,20,Cultivo2,2,Lag
611,27.625,8.258333,224.310704,23.503177067466943,251.215136,18.67536442754208,220.840464,36.70208962749102,239.128416,21.31915695638418,photos/2025/03/13/photo_20250313_210002.jpg,2025-03-13 21:00:13,21,Cultivo2,2,Lag
612,27.5625,8.284375,220.370144,23.57634831283386,250.997312,19.34794895524216,219.227456,36.13570402551007,238.031904,21.76052292879893,photos/2025/03/13/photo_20250313_220002.jpg,2025-03-13 22:00:13,22,Cultivo2,2,Lag
613,27.5625,8.261589,221.25664,23.87178126588797,251.018112,19.161834357791943,220.47544,37.82836893008209,238.523264,21.781198194459,photos/2025/03/13/photo_20250313_230002.jpg,2025-03-13 23:00:13,23,Cultivo2,2,Lag
614,27.5,8.303906,217.766064,23.68134634427224,250.922192,19.516268749818344,218.624432,37.20130118622068,237.499904,21.92926555976702,photos/2025/03/14/photo_20250314_000002.jpg,2025-03-14 00:00:13,0,Cultivo2,2,Lag
615,27.4375,8.154167,211.534112,24.03725560223745,250.686512,20.07569548667881,217.527552,36.15273340110615,236.321904,22.28196063668509,photos/2025/03/14/photo_20250314_010002.jpg,2025-03-14 01:00:13,1,Cultivo2,2,Lag
616,27.375,8.144402,207.591504,24.078233733898674,250.615872,20.197416807097287,216.526912,36.129646926284565,235.5376,22.35062080211644,photos/2025/03/14/photo_20250314_020002.jpg,2025-03-14 02:00:13,2,Cultivo2,2,Lag
617,27.25,7.874219,206.082256,24.44651463476755,250.450704,20.66811771556336,216.013936,36.43386559165064,235.11272,22.755024021116743,photos/2025/03/14/photo_20250314_030002.jpg,2025-03-14 03:00:13,3,Cultivo2,2,Lag
618,27.125,8.12487,198.264288,24.744710627235065,250.307248,20.99030134768189,214.32912,37.56382440398016,233.621808,22.961005439900404,photos/2025/03/14/photo_20250314_040002.jpg,2025-03-14 04:00:13,4,Cultivo2,2,Lag
619,27.0625,7.890495,194.140464,24.806264549532163,250.090736,21.59436387065625,212.991568,35.67204975698346,232.645776,23.30444381138121,photos/2025/03/14/photo_20250314_050002.jpg,2025-03-14 05:00:13,5,Cultivo2,2,Lag
620,26.9375,8.030469,191.017264,24.925651054798948,249.989568,21.84647347224206,212.82712,34.54840554865454,232.183088,23.46439069705957,photos/2025/03/14/photo_20250314_060002.jpg,2025-03-14 06:00:13,6,Cultivo2,2,Lag
621,26.875,7.96211,185.604496,25.092668711510143,249.81872,22.19755954067023,210.86688,34.01412707370254,230.87944,23.61051853065493,photos/2025/03/14/photo_20250314_070002.jpg,2025-03-14 07:00:13,7,Cultivo2,2,Lag
622,26.6875,9.06888,182.410656,25.122911981408528,249.728544,22.354881159157703,210.68088,32.89461478190106,230.404384,23.664873411462484,photos/2025/03/14/photo_20250314_080002.jpg,2025-03-14 08:00:13,8,Cultivo2,2,Lag
623,26.625,9.06888,180.703536,25.474350137393024,249.676064,22.349562355176083,209.121248,34.21333162813443,229.704112,23.70870730958261,photos/2025/03/14/photo_20250314_090002.jpg,2025-03-14 09:00:13,9,Cultivo2,2,Lag
624,26.6875,9.107943,182.67072,25.66149107387176,249.579792,22.625487602187405,210.68784,34.90694817198433,230.33944,24.057626077533087,photos/2025/03/14/photo_20250314_100002.jpg,2025-03-14 10:00:13,10,Cultivo2,2,Lag
625,26.625,9.085156,179.58624,24.619584399416656,249.6852,21.920807762489044,210.952,31.36122144723321,230.127792,23.12145266207848,photos/2025/03/14/photo_20250314_110002.jpg,2025-03-14 11:00:13,11,Cultivo2,2,Lag
626,26.625,9.140495,177.026496,25.179023614556623,249.540176,22.047497134346656,208.66224,33.61370770923648,229.069104,23.29120848382891,photos/2025/03/14/photo_20250314_120002.jpg,2025-03-14 12:00:13,12,Cultivo2,2,Lag
627,26.875,9.459505,169.987984,25.02473458909005,249.2912,22.54496029182576,207.14616,31.232435441632536,227.658576,23.399776871846964,photos/2025/03/14/photo_20250314_130002.jpg,2025-03-14 13:00:13,13,Cultivo2,2,Lag
628,27.125,9.462761,165.458496,25.52976426508196,248.927728,23.240306554734087,205.346688,29.825284129710884,226.391488,23.88423047003725,photos/2025/03/14/photo_20250314_140002.jpg,2025-03-14 14:00:13,14,Cultivo2,2,Lag
629,27.25,9.508333,165.223712,25.823966517727985,248.911664,23.179739876691976,205.621792,30.01725212175585,226.435376,24.02435763425578,photos/2025/03/14/photo_20250314_150002.jpg,2025-03-14 15:00:13,15,Cultivo2,2,Lag
630,27.4375,9.547396,158.75464,27.07791868037837,247.809808,24.04207983938029,201.158896,30.78896124377047,223.704608,24.831801697950475,photos/2025/03/14/photo_20250314_160002.jpg,2025-03-14 16:00:13,16,Cultivo2,2,Lag
631,27.5625,9.511589,152.80352,26.80309912521132,247.646416,24.86378093442234,199.510064,28.27868150408714,222.43688,25.162900307110863,photos/2025/03/14/photo_20250314_170002.jpg,2025-03-14 17:00:13,17,Cultivo2,2,Lag
632,27.625,9.605989,151.74872,27.0304497097921,247.147504,24.844135295276107,198.57192,28.51732235609788,221.73416,25.210643488304697,photos/2025/03/14/photo_20250314_180002.jpg,2025-03-14 18:00:13,18,Cultivo2,2,Lag
633,27.625,9.632031,151.649216,27.181171551668186,247.210656,25.18757741525897,199.449472,28.26212544352148,222.027616,25.524185968538625,photos/2025/03/14/photo_20250314_190002.jpg,2025-03-14 19:00:13,19,Cultivo2,2,Lag
634,27.5625,9.557161,154.043952,27.17235053381315,247.410144,25.22609708019185,199.435328,28.948994114160445,222.417456,25.5600773568482,photos/2025/03/14/photo_20250314_200002.jpg,2025-03-14 20:00:13,20,Cultivo2,2,Lag
635,27.625,9.674349,181.211328,25.57235242191066,249.216272,22.94097178460441,207.60936,33.250766675016926,229.046208,24.17159342742501,photos/2025/03/14/photo_20250314_210002.jpg,2025-03-14 21:00:13,21,Cultivo2,2,Lag
636,27.625,9.527864,186.018864,25.88845474557336,249.421408,22.57362104974601,207.98192,37.36485123949383,229.816816,24.14861577031164,photos/2025/03/14/photo_20250314_220002.jpg,2025-03-14 22:00:13,22,Cultivo2,2,Lag
637,27.625,9.576693,178.788112,25.485973465118104,249.037136,23.34137504341816,206.690464,31.14849414458837,228.388528,24.305096214440628,photos/2025/03/14/photo_20250314_230002.jpg,2025-03-14 23:00:13,23,Cultivo2,2,Lag
638,27.5,9.501823,180.70696,25.97942263869619,248.952176,23.58592802636827,206.3656,33.652653024069295,228.46264,24.697162837670245,photos/2025/03/15/photo_20250315_000002.jpg,2025-03-15 00:00:13,0,Cultivo2,2,Lag
639,27.4375,9.544141,173.852896,26.185446568657177,248.5808,24.23868212919176,204.086,31.113490199802143,226.776416,24.995968838893685,photos/2025/03/15/photo_20250315_010002.jpg,2025-03-15 01:00:13,1,Cultivo2,2,Lag
640,27.3125,9.550652,176.823152,25.90590978445374,248.778768,23.74899813470404,204.757088,31.815716443055244,227.4356,24.636626973674783,photos/2025/03/15/photo_20250315_020002.jpg,2025-03-15 02:00:13,2,Cultivo2,2,Lag
641,27.3125,9.498568,173.456224,26.42839414464496,248.36992,24.43140190806905,202.740464,31.390397316087352,226.20632,25.113545828050647,photos/2025/03/15/photo_20250315_030002.jpg,2025-03-15 03:00:13,3,Cultivo2,2,Lag
642,27.25,9.488802,168.504784,26.65205282089197,247.932096,25.097213172915914,200.486128,30.13966411746064,224.70968,25.508991087410728,photos/2025/03/15/photo_20250315_040002.jpg,2025-03-15 04:00:13,4,Cultivo2,2,Lag
643,27.1875,9.53763,172.92416,27.11026359963326,248.012944,25.07722553339711,203.18328,32.0427141218468,226.06376,25.84386624834605,photos/2025/03/15/photo_20250315_050002.jpg,2025-03-15 05:00:13,5,Cultivo2,2,Lag
644,27.0,9.540886,163.057648,27.310641873372656,246.549616,25.794680735619583,197.408128,29.79292460816991,222.344,26.11267523636749,photos/2025/03/15/photo_20250315_060002.jpg,2025-03-15 06:00:13,6,Cultivo2,2,Lag
645,26.875,9.501823,163.563568,27.86778726175037,246.235216,25.99303017028496,197.345232,30.888015655094712,222.19856,26.45851027413297,photos/2025/03/15/photo_20250315_070002.jpg,2025-03-15 07:00:13,7,Cultivo2,2,Lag
646,26.75,9.462761,171.8884,27.435204337626065,247.550544,25.08694555548889,201.012448,33.79451235689014,225.028896,25.902240154495985,photos/2025/03/15/photo_20250315_080002.jpg,2025-03-15 08:00:13,8,Cultivo2,2,Lag
647,26.625,9.452995,168.178256,27.68556812821468,246.985072,25.33744330343565,200.173728,31.77829877130719,224.01872,26.084678751359004,photos/2025/03/15/photo_20250315_090002.jpg,2025-03-15 09:00:13,9,Cultivo2,2,Lag
648,26.5625,9.482292,161.812784,27.60490405246024,246.101312,25.992014309757835,196.793408,30.117828443786312,221.75672,26.313413135539825,photos/2025/03/15/photo_20250315_100002.jpg,2025-03-15 10:00:13,10,Cultivo2,2,Lag
649,26.5,9.339063,164.209008,27.67039857742565,246.828176,26.085871664811663,199.48392,29.702238765048268,223.262528,26.444535296526123,photos/2025/03/15/photo_20250315_110002.jpg,2025-03-15 11:00:13,11,Cultivo2,2,Lag
650,26.5625,9.459505,158.97888,27.589236203016856,245.154624,25.952802612022925,195.978512,28.7655166118323,220.634848,26.24131353451835,photos/2025/03/15/photo_20250315_120002.jpg,2025-03-15 12:00:13,12,Cultivo2,2,Lag
651,26.6875,9.488802,154.41024,26.992400029941464,244.885504,26.484260281646232,193.466704,27.08730106788788,219.197248,26.26087045827872,photos/2025/03/15/photo_20250315_130002.jpg,2025-03-15 13:00:13,13,Cultivo2,2,Lag
652,26.75,9.44323,152.529616,26.972999870840912,243.782192,26.7347809356115,191.234704,27.010186576411204,217.664064,26.43137247673499,photos/2025/03/15/photo_20250315_140002.jpg,2025-03-15 14:00:13,14,Cultivo2,2,Lag
653,26.9375,9.426953,153.295088,27.238706302652776,244.797056,27.158647347260576,192.961232,26.83963716357313,218.867328,26.74917326087698,photos/2025/03/15/photo_20250315_150002.jpg,2025-03-15 15:00:13,15,Cultivo2,2,Lag
654,27.125,9.557161,156.548176,29.086686649034743,243.55936,27.05395106801223,194.166192,30.778450108363547,218.877792,27.535184350295097,photos/2025/03/15/photo_20250315_160002.jpg,2025-03-15 16:00:13,16,Cultivo2,2,Lag
655,27.25,9.511589,144.751616,26.854822295416515,241.0964,27.99584774640697,185.88104,25.85300789828031,213.600688,27.156539800325373,photos/2025/03/15/photo_20250315_170002.jpg,2025-03-15 17:00:13,17,Cultivo2,2,Lag
656,27.375,9.609245,145.11024,28.160340298357475,240.207984,28.1831125083044,186.230448,27.12681874349441,213.225072,27.737258382810943,photos/2025/03/15/photo_20250315_180002.jpg,2025-03-15 18:00:13,18,Cultivo2,2,Lag
657,27.3125,9.589714,146.392928,28.31805320533006,240.54344,28.35319158342496,186.947936,28.13728642898629,213.785904,27.958906468293502,photos/2025/03/15/photo_20250315_190002.jpg,2025-03-15 19:00:13,19,Cultivo2,2,Lag
658,27.3125,9.645052,140.288976,27.35745830138348,238.59616,28.804935987681,182.856992,26.60206783074248,210.726768,27.888678424661432,photos/2025/03/15/photo_20250315_200002.jpg,2025-03-15 20:00:13,20,Cultivo2,2,Lag
659,27.375,9.59948,136.984944,26.26272251303859,236.401584,28.66875027431339,179.024944,25.689761643831265,207.914144,27.41535374105656,photos/2025/03/15/photo_20250315_210002.jpg,2025-03-15 21:00:13,21,Cultivo2,2,Lag
660,27.375,9.589714,140.414832,27.783493044883755,239.400976,28.60153342475581,184.896336,26.423720147090872,211.82992,27.84468008064736,photos/2025/03/15/photo_20250315_220002.jpg,2025-03-15 22:00:13,22,Cultivo2,2,Lag
661,27.375,9.583203,139.451824,27.187705455842792,240.368656,28.44299472196386,185.768656,26.000867660003657,212.538256,27.52471166930661,photos/2025/03/15/photo_20250315_230002.jpg,2025-03-15 23:00:13,23,Cultivo2,2,Lag
662,27.3125,9.544141,143.390672,28.711180274956583,241.593888,28.229626441797915,190.313712,28.22328229296543,215.066976,27.95853662507077,photos/2025/03/16/photo_20250316_000002.jpg,2025-03-16 00:00:13,0,Cultivo2,2,Lag
663,27.25,9.53763,141.093728,28.537899333433497,240.35632,28.49738142457303,187.746896,27.866879248706987,213.311728,28.039213570533963,photos/2025/03/16/photo_20250316_010002.jpg,2025-03-16 01:00:13,1,Cultivo2,2,Lag
664,27.25,9.518099,146.86928,30.93509487956072,241.085552,28.40589954314589,193.329024,31.23993393529506,216.064544,28.977706087129533,photos/2025/03/16/photo_20250316_020002.jpg,2025-03-16 02:00:13,2,Cultivo2,2,Lag
665,27.1875,9.596224,135.311456,28.02308486736005,239.384656,28.922714529616066,185.907856,26.74167121105306,211.530096,28.107364555055387,photos/2025/03/16/photo_20250316_030002.jpg,2025-03-16 03:00:13,3,Cultivo2,2,Lag
666,27.0625,9.508333,135.69208,28.38698080142628,240.129824,29.27620046606157,187.175616,26.805878483526705,212.394032,28.42745804293757,photos/2025/03/16/photo_20250316_040002.jpg,2025-03-16 04:00:13,4,Cultivo2,2,Lag
667,26.9375,9.339063,141.379808,30.719378255120727,240.017216,28.341956312318032,191.301104,31.383543743228486,214.204896,28.78965261390252,photos/2025/03/16/photo_20250316_050002.jpg,2025-03-16 05:00:13,5,Cultivo2,2,Lag
668,26.8125,9.485547,129.874688,28.8950194778314,237.100672,29.2770551993949,184.093088,26.5646618066682,209.036464,28.51844312680312,photos/2025/03/16/photo_20250316_060002.jpg,2025-03-16 06:00:13,6,Cultivo2,2,Lag
669,26.75,9.384636,133.547664,29.992484161879226,239.837344,30.00478746843017,188.725632,27.89851064381581,212.453264,29.411238255916803,photos/2025/03/16/photo_20250316_070002.jpg,2025-03-16 07:00:13,7,Cultivo2,2,Lag
670,26.5625,9.309766,140.7672,28.72637743175676,242.788048,28.369452098158256,192.885984,27.456161642880826,216.231072,27.950211407622948,photos/2025/03/16/photo_20250316_080002.jpg,2025-03-16 08:00:13,8,Cultivo2,2,Lag
671,26.5625,9.387891,140.223568,29.0152204677818,241.997552,27.989276410927385,192.630496,28.227087440070328,215.631008,27.864994615178663,photos/2025/03/16/photo_20250316_090002.jpg,2025-03-16 09:00:13,9,Cultivo2,2,Lag
672,26.4375,9.28698,136.167312,27.94832038789766,241.52592,28.92761255537,189.510368,26.25094997699428,213.974704,28.042437841820814,photos/2025/03/16/photo_20250316_100002.jpg,2025-03-16 10:00:13,10,Cultivo2,2,Lag
673,26.4375,9.264193,136.443376,28.66107235391614,241.067728,28.963429163654222,190.211328,26.38679870167323,213.941136,28.28288031706644,photos/2025/03/16/photo_20250316_110002.jpg,2025-03-16 11:00:13,11,Cultivo2,2,Lag
674,26.4375,9.352083,133.119952,28.47623872634868,238.7712,28.99200004415011,186.854,26.14607877900041,211.213344,28.219194395617745,photos/2025/03/16/photo_20250316_120002.jpg,2025-03-16 12:00:13,12,Cultivo2,2,Lag
675,26.5625,9.361849,131.03568,27.779106279298187,238.737792,29.50737912734264,185.517616,25.987997362967388,210.574944,28.354055783906187,photos/2025/03/16/photo_20250316_130002.jpg,2025-03-16 13:00:13,13,Cultivo2,2,Lag
676,26.75,9.387891,131.395952,28.37176876513581,238.533136,29.62263415035037,185.948608,26.099930536568404,210.62232,28.60061645869893,photos/2025/03/16/photo_20250316_140002.jpg,2025-03-16 14:00:13,14,Cultivo2,2,Lag
677,26.9375,9.492058,126.542224,27.19040853852285,236.037376,29.844813737643328,181.444832,24.845270800170887,207.264976,28.29448758538356,photos/2025/03/16/photo_20250316_150002.jpg,2025-03-16 15:00:13,15,Cultivo2,2,Lag
678,27.0625,9.45625,118.791072,26.76375175936767,231.484048,29.969541630356915,175.819712,24.371712067288502,202.033936,28.22262497266872,photos/2025/03/16/photo_20250316_160002.jpg,2025-03-16 16:00:13,16,Cultivo2,2,Lag
679,27.1875,9.573438,119.77936,27.8650000744745,232.62032,30.74262921575837,177.517744,25.305306755508816,203.322512,29.09605062564086,photos/2025/03/16/photo_20250316_170002.jpg,2025-03-16 17:00:13,17,Cultivo2,2,Lag
680,27.375,9.501823,115.400496,27.08416727651784,229.341536,30.73698009175111,173.34376,24.24403470864501,199.665552,28.7825586169002,photos/2025/03/16/photo_20250316_180002.jpg,2025-03-16 18:00:13,18,Cultivo2,2,Lag
681,27.3125,9.573438,115.628528,27.176975733129392,231.823888,30.519238925036387,176.395664,24.27498087647477,202.064,28.678611960832416,photos/2025/03/16/photo_20250316_190002.jpg,2025-03-16 19:00:13,19,Cultivo2,2,Lag
682,27.375,9.466016,109.050848,27.8328597034271,226.125872,31.18892284513231,170.743312,24.616824947196093,196.277376,29.284945322718706,photos/2025/03/16/photo_20250316_200002.jpg,2025-03-16 20:00:13,20,Cultivo2,2,Lag
683,27.3125,9.583203,112.388528,28.10864767340784,231.054512,31.652757801522696,175.770832,25.46662706353584,201.062272,29.711957360598376,photos/2025/03/16/photo_20250316_210002.jpg,2025-03-16 21:00:13,21,Cultivo2,2,Lag
684,27.3125,9.475781,108.037456,27.14272182613261,226.92336,30.65225104801277,171.631072,24.21203050237761,196.902512,28.69392716394632,photos/2025/03/16/photo_20250316_220002.jpg,2025-03-16 22:00:13,22,Cultivo2,2,Lag
685,27.375,9.495313,106.848224,27.40653795796908,226.619152,31.42316793069877,171.20672,24.386604274597644,196.46416,29.27223249932263,photos/2025/03/16/photo_20250316_230002.jpg,2025-03-16 23:00:13,23,Cultivo2,2,Lag
686,27.375,9.479036,100.2196,27.21299340258649,219.95904,30.79850155897848,165.217472,23.663810340686897,189.99632,28.74260145598516,photos/2025/03/17/photo_20250317_000002.jpg,2025-03-17 00:00:13,0,Cultivo2,2,Lag
687,27.3125,9.45625,103.418,28.673736048955742,223.660992,32.695101797913644,168.826896,25.16675227358508,193.609552,30.48870607879737,photos/2025/03/17/photo_20250317_010002.jpg,2025-03-17 01:00:13,1,Cultivo2,2,Lag
688,27.1875,9.423698,98.67616,27.9614834531057,219.653088,32.269447160809186,164.980736,24.39638775832193,189.562608,29.932361621468093,photos/2025/03/17/photo_20250317_020002.jpg,2025-03-17 02:00:13,2,Cultivo2,2,Lag
689,27.1875,9.420443,95.851696,28.33579837805175,216.852368,32.184341733094,162.95472,24.75645350052353,186.978144,30.01415563222234,photos/2025/03/17/photo_20250317_030002.jpg,2025-03-17 03:00:13,3,Cultivo2,0,Exponential
690,27.1875,9.472527,94.85,28.30803888954118,215.164432,32.47185837178673,161.325168,24.46958953476744,185.379072,30.16593443636076,photos/2025/03/17/photo_20250317_040002.jpg,2025-03-17 04:00:13,4,Cultivo2,0,Exponential
691,27.0625,9.387891,92.50552,26.09484904193929,213.839968,30.65287702254025,159.46528,22.2886026823038,183.791232,28.18299288440062,photos/2025/03/17/photo_20250317_050002.jpg,2025-03-17 05:00:13,5,Cultivo2,0,Exponential
692,26.9375,9.280469,89.092304,26.309799078221484,211.251792,30.990812199565468,157.446704,22.796703094342043,181.260672,28.48870516728368,photos/2025/03/17/photo_20250317_060002.jpg,2025-03-17 06:00:13,6,Cultivo2,0,Exponential
693,26.875,9.293489,90.200352,26.6914569918092,212.838352,31.366429919965327,158.98888,22.97706933175108,182.782368,28.84442733549369,photos/2025/03/17/photo_20250317_070002.jpg,2025-03-17 07:00:13,7,Cultivo2,0,Exponential
694,26.8125,9.361849,86.655536,25.86061684660008,209.187424,30.693229615734868,155.590688,21.975401169323483,179.215104,28.07997895777673,photos/2025/03/17/photo_20250317_080002.jpg,2025-03-17 08:00:13,8,Cultivo2,0,Exponential
695,26.6875,9.319531,83.439616,25.334376515659194,205.768272,30.06978999151833,152.719104,21.325329581803512,175.968224,27.485699232252102,photos/2025/03/17/photo_20250317_090002.jpg,2025-03-17 09:00:13,9,Cultivo2,0,Exponential
696,26.625,9.391146,80.796496,25.770251124395354,203.91496,30.66113918624681,151.47816,21.556731712436928,174.194352,27.97367339660803,photos/2025/03/17/photo_20250317_100002.jpg,2025-03-17 10:00:13,10,Cultivo2,0,Exponential
697,26.625,9.153516,82.93424,27.142787878666848,204.907296,32.27616058282621,152.593264,22.793479673415376,175.355376,29.5004308425932,photos/2025/03/17/photo_20250317_110002.jpg,2025-03-17 11:00:13,11,Cultivo2,0,Exponential
698,26.625,9.267448,81.33256,25.415751293796063,203.081888,30.365994374554177,150.912352,21.02351016948407,173.599216,27.63850929745206,photos/2025/03/17/photo_20250317_120002.jpg,2025-03-17 12:00:13,12,Cultivo2,0,Exponential
699,26.75,9.283724,76.855232,24.503862159716785,198.394992,29.42925614622184,147.05976,19.4866625728003,169.177712,26.636271556752384,photos/2025/03/17/photo_20250317_130002.jpg,2025-03-17 13:00:13,13,Cultivo2,0,Exponential
700,26.9375,9.260938,81.464592,26.345332758999263,203.373392,31.50683002801672,151.63776,21.760838455205167,174.000896,28.685461111810348,photos/2025/03/17/photo_20250317_140002.jpg,2025-03-17 14:00:13,14,Cultivo2,0,Exponential
701,27.0625,9.378125,77.498416,26.50530288376272,199.590512,31.53901836737878,148.4448,21.50657084453363,170.372528,28.72285652384205,photos/2025/03/17/photo_20250317_150002.jpg,2025-03-17 15:00:13,15,Cultivo2,0,Exponential
702,27.25,9.306511,79.964112,25.96381915494684,201.493408,31.14550889848384,150.109904,21.467654740363606,172.272352,28.32795990515547,photos/2025/03/17/photo_20250317_160002.jpg,2025-03-17 16:00:13,16,Cultivo2,0,Exponential
703,27.3125,9.361849,78.299168,25.30898024454213,200.02224,30.224206745296065,148.795376,20.68217789566118,170.816496,27.477445119260707,photos/2025/03/17/photo_20250317_170002.jpg,2025-03-17 17:00:13,17,Cultivo2,0,Exponential
704,27.5,9.462761,76.094096,25.762948842179075,198.5444,30.71235576506628,147.617792,20.963071386196823,169.35016,27.929974650443203,photos/2025/03/17/photo_20250317_180002.jpg,2025-03-17 18:00:13,18,Cultivo2,0,Exponential
705,27.4375,9.313021,73.340352,26.12056996944561,194.63936,30.98234159630934,144.552464,20.65834767148854,165.817344,28.158796792222216,photos/2025/03/17/photo_20250317_190002.jpg,2025-03-17 19:00:13,19,Cultivo2,0,Exponential
706,27.4375,9.355339,76.319168,28.058227601356723,196.870416,33.30946424046691,146.530592,23.402337400092662,168.069872,30.428215818605203,photos/2025/03/17/photo_20250317_200002.jpg,2025-03-17 20:00:13,20,Cultivo2,0,Exponential
707,27.4375,9.404167,83.908176,26.2653444379916,204.51352,31.23704046816216,153.774608,22.82581977395388,175.583984,28.60954642576048,photos/2025/03/17/photo_20250317_210002.jpg,2025-03-17 21:00:13,21,Cultivo2,0,Exponential
708,27.4375,9.361849,80.575376,25.321138951829475,200.290384,30.180827509075097,150.080512,21.32347810416077,171.611568,27.52393897285372,photos/2025/03/17/photo_20250317_220002.jpg,2025-03-17 22:00:13,22,Cultivo2,0,Exponential
709,27.4375,9.319531,70.88712,27.631119868396503,191.222208,32.65676921565782,141.946048,21.92582938238825,162.760128,29.736090352022003,photos/2025/03/17/photo_20250317_230002.jpg,2025-03-17 23:00:13,23,Cultivo2,0,Exponential
710,27.4375,9.254427,62.160688,24.94664324211977,183.280144,29.56886090702961,135.43248,18.348429997322825,155.152368,26.68512694353497,photos/2025/03/18/photo_20250318_000002.jpg,2025-03-18 00:00:13,0,Cultivo2,0,Exponential
711,27.3125,9.293489,63.350576,24.554334034387004,184.263024,29.28995217434512,136.504912,17.563552045876826,156.178688,26.318290647355045,photos/2025/03/18/photo_20250318_010002.jpg,2025-03-18 01:00:13,1,Cultivo2,0,Exponential
712,27.3125,9.244661,67.137264,25.684312099022627,188.024224,30.6086490586864,139.86,19.433103061382244,159.8144,27.639999722141823,photos/2025/03/18/photo_20250318_020002.jpg,2025-03-18 02:00:13,2,Cultivo2,0,Exponential
713,27.25,9.251172,60.692976,24.809151943556312,180.082272,29.36856631362886,133.148256,17.653554663676776,152.427792,26.44682306071442,photos/2025/03/18/photo_20250318_030002.jpg,2025-03-18 03:00:13,3,Cultivo2,0,Exponential
714,27.1875,9.208855,59.399328,24.58068634107681,178.659488,29.06049778613325,132.22504,17.54422780142848,151.170992,26.180540440104288,photos/2025/03/18/photo_20250318_040002.jpg,2025-03-18 04:00:13,4,Cultivo2,0,Exponential
715,27.1875,9.163281,63.677776,26.97345614850748,181.308688,31.75997770337152,134.658112,20.6404122946666,153.939792,28.840692484694884,photos/2025/03/18/photo_20250318_050002.jpg,2025-03-18 05:00:13,5,Cultivo2,0,Exponential
716,27.0625,9.111198,62.617488,25.69939763141541,180.84376,30.52546722103365,134.64768,19.13352504296728,153.544784,27.56497245406467,photos/2025/03/18/photo_20250318_060002.jpg,2025-03-18 06:00:13,6,Cultivo2,0,Exponential
717,26.9375,9.173047,66.68296,26.075702473386524,184.633472,31.053970973536,138.205632,19.86275261987623,157.2908,28.07164767803985,photos/2025/03/18/photo_20250318_070002.jpg,2025-03-18 07:00:13,7,Cultivo2,0,Exponential
718,26.1875,8.860547,66.37416,26.39096508234104,183.0044,31.92270208863905,138.243216,20.62852986265381,156.31736,28.767843204355795,photos/2025/03/18/photo_20250318_080002.jpg,2025-03-18 08:00:13,8,Cultivo2,0,Exponential
719,26.125,9.221875,64.239328,24.19909450185077,180.405328,29.06996052994252,136.501136,17.538372162444723,154.040352,26.087513712810885,photos/2025/03/18/photo_20250318_090002.jpg,2025-03-18 09:00:13,9,Cultivo2,0,Exponential
720,26.0625,9.14375,65.736736,24.09918654314324,181.42472,29.04199574618797,137.719472,17.552906200008703,155.173184,26.04659807541369,photos/2025/03/18/photo_20250318_100002.jpg,2025-03-18 10:00:13,10,Cultivo2,0,Exponential
721,26.0,8.81823,64.535504,24.40005401423529,177.116464,29.15193777670198,134.25032,18.187851865076976,151.476464,26.271604253579643,photos/2025/03/18/photo_20250318_110002.jpg,2025-03-18 11:00:13,11,Cultivo2,0,Exponential
722,26.125,8.727083,72.032816,25.405861408234127,179.08808,30.65755792481848,135.35584,19.927038794315227,153.805584,27.654291717904183,photos/2025/03/18/photo_20250318_120002.jpg,2025-03-18 12:00:13,12,Cultivo2,0,Exponential
723,26.1875,9.029818,69.665088,23.71390646053104,176.916272,28.19992251092219,133.670928,17.81164995030657,151.776368,25.47255881784505,photos/2025/03/18/photo_20250318_130002.jpg,2025-03-18 13:00:13,13,Cultivo2,0,Exponential
724,26.25,9.101433,68.163008,23.37334508619594,174.476928,27.71225280778912,131.86896,17.06746953686855,149.635904,24.98809400700229,photos/2025/03/18/photo_20250318_140002.jpg,2025-03-18 14:00:13,14,Cultivo2,0,Exponential
725,26.4375,9.186068,67.527152,23.912261362688056,173.478016,28.274674121972545,131.192864,17.63129441558095,148.776816,25.54477286847828,photos/2025/03/18/photo_20250318_150002.jpg,2025-03-18 15:00:13,15,Cultivo2,0,Exponential
726,26.5625,9.228386,61.422704,24.43495174706789,173.070832,28.780725057367405,130.602592,17.264649470185716,147.661888,25.95736042581094,photos/2025/03/18/photo_20250318_160002.jpg,2025-03-18 16:00:13,16,Cultivo2,0,Exponential
727,26.625,9.182813,61.760336,24.9081735335198,173.194976,29.20369018393778,130.639008,18.056746583122443,147.783712,26.441040287799872,photos/2025/03/18/photo_20250318_170002.jpg,2025-03-18 17:00:13,17,Cultivo2,0,Exponential
728,26.75,8.883333,63.186416,23.11254937560147,171.813568,27.70255719440673,130.474128,16.31283326326068,147.091648,24.835863436653376,photos/2025/03/18/photo_20250318_180002.jpg,2025-03-18 18:00:13,18,Cultivo2,0,Exponential
729,26.8125,9.21211,55.857696,27.182987183670303,167.584096,31.61087736622924,125.460304,20.24451900074645,142.264016,28.769769820972567,photos/2025/03/18/photo_20250318_190002.jpg,2025-03-18 19:00:13,19,Cultivo2,0,Exponential
730,26.875,9.202344,81.918448,26.88234305168625,183.12832,31.81709549876607,139.421616,24.61572353743225,158.497984,29.30342198337497,photos/2025/03/18/photo_20250318_200002.jpg,2025-03-18 20:00:13,20,Cultivo2,0,Exponential
731,26.9375,9.244661,56.72568,28.1169769841354,165.678048,32.40097965972165,123.84144,21.644875526036177,140.765744,29.675244162878663,photos/2025/03/18/photo_20250318_210002.jpg,2025-03-18 21:00:13,21,Cultivo2,0,Exponential
732,26.9375,9.254427,51.433408,24.6577852094063,161.129664,28.20084231449664,120.351472,15.850339980755493,136.45336,25.525634815032515,photos/2025/03/18/photo_20250318_220002.jpg,2025-03-18 22:00:13,22,Cultivo2,0,Exponential
733,26.9375,9.313021,63.74416,25.363997826038705,168.040032,29.51737328149265,126.980448,20.03221210686429,143.897936,27.00310380196884,photos/2025/03/18/photo_20250318_230002.jpg,2025-03-18 23:00:13,23,Cultivo2,0,Exponential
734,26.9375,9.273958,73.653568,25.53656888618955,175.532768,29.966126981279643,133.735664,21.419280680484487,151.454176,27.495054903764498,photos/2025/03/19/photo_20250319_000002.jpg,2025-03-19 00:00:13,0,Cultivo2,0,Exponential
735,26.875,9.260938,48.254624,24.80939999333285,156.369664,28.226569407689347,116.495104,15.81770952504262,132.128112,25.574190491889592,photos/2025/03/19/photo_20250319_010002.jpg,2025-03-19 01:00:13,1,Cultivo2,0,Exponential
736,26.8125,9.309766,58.312976,25.826892681923315,162.076144,29.551038595813583,122.061696,19.872580859652427,138.297184,27.13840086796096,photos/2025/03/19/photo_20250319_020002.jpg,2025-03-19 02:00:13,2,Cultivo2,0,Exponential
737,26.75,9.303255,51.675312,26.262607691514567,158.252944,29.65878492677784,118.44696,17.044923282392794,134.209056,27.00132158967157,photos/2025/03/19/photo_20250319_030002.jpg,2025-03-19 03:00:13,3,Cultivo2,0,Exponential
738,26.6875,9.192578,44.352256,26.19938267742964,149.529904,29.24186891685933,110.07096,16.364285371212027,125.745584,26.63326987996299,photos/2025/03/19/photo_20250319_040002.jpg,2025-03-19 04:00:13,4,Cultivo2,0,Exponential
739,26.625,9.257683,45.90472,24.509170552618546,151.173952,27.559425478440147,112.356784,15.127088078067109,127.557232,25.000224088959204,photos/2025/03/19/photo_20250319_050002.jpg,2025-03-19 05:00:13,5,Cultivo2,0,Exponential
740,26.5625,9.290235,44.396336,25.13932720181668,149.713312,28.1661053394085,111.0328,15.471532237470988,126.136032,25.57759565117441,photos/2025/03/19/photo_20250319_060002.jpg,2025-03-19 06:00:13,6,Cultivo2,0,Exponential
741,26.4375,9.166536,52.513264,26.433162272286378,156.817328,29.934355762909217,117.978176,18.567929342452377,133.307408,27.374492293402195,photos/2025/03/19/photo_20250319_070002.jpg,2025-03-19 07:00:13,7,Cultivo2,0,Exponential
742,26.5,8.873568,90.796224,28.4607700485743,183.903232,33.9212525115771,142.804224,29.002030469293423,160.971408,31.53953148823768,photos/2025/03/19/photo_20250319_080002.jpg,2025-03-19 08:00:13,8,Cultivo2,0,Exponential
743,26.6875,8.919141,50.459424,23.40360126695035,152.44416,26.848313501864503,114.98376,15.27095653808968,129.59376,24.27136372481777,photos/2025/03/19/photo_20250319_090002.jpg,2025-03-19 09:00:13,9,Cultivo2,0,Exponential
744,26.75,8.870313,43.51712,21.925667644885618,144.929536,25.296667820578744,107.490496,12.431057030904492,122.161584,22.575893395632075,photos/2025/03/19/photo_20250319_100002.jpg,2025-03-19 10:00:13,10,Cultivo2,0,Exponential
745,27.0,9.228386,47.030752,24.3686249617508,147.362624,27.60402390657246,110.034256,15.843197098896926,124.745696,25.054700506603226,photos/2025/03/19/photo_20250319_110002.jpg,2025-03-19 11:00:13,11,Cultivo2,0,Exponential
746,27.0625,9.273958,49.494848,22.14638365184673,147.321088,25.59582728681095,110.191904,14.236528420120406,125.038224,23.038831110232653,photos/2025/03/19/photo_20250319_120002.jpg,2025-03-19 12:00:13,12,Cultivo2,0,Exponential
747,27.25,9.231641,53.090288,21.448405633081823,149.198736,24.905884445293324,112.329472,13.61493033684183,127.182336,22.357085355276165,photos/2025/03/19/photo_20250319_130002.jpg,2025-03-19 13:00:13,13,Cultivo2,0,Exponential
748,27.5,9.306511,62.262128,22.74809877036549,157.136528,26.433606490700736,119.936736,16.639966613897275,135.16832,24.02128032344654,photos/2025/03/19/photo_20250319_140002.jpg,2025-03-19 14:00:13,14,Cultivo2,0,Exponential
749,27.75,9.339063,56.492352,21.43040530745044,151.292944,25.014012549226564,114.48672,14.466155450156618,129.440448,22.51601859919501,photos/2025/03/19/photo_20250319_150002.jpg,2025-03-19 15:00:13,15,Cultivo2,0,Exponential
750,27.875,9.387891,50.942176,24.05136878633696,149.239088,27.369057655101244,111.423296,16.511545063531276,126.704176,24.908746579485367,photos/2025/03/19/photo_20250319_160002.jpg,2025-03-19 16:00:13,16,Cultivo2,0,Exponential
751,28.0625,9.495313,44.48688,23.30952347979889,141.100896,26.43513835782185,102.835552,14.760842383333005,118.633424,23.928377254553308,photos/2025/03/19/photo_20250319_170002.jpg,2025-03-19 17:00:13,17,Cultivo2,0,Exponential
752,28.125,9.387891,45.929344,24.581953956047023,143.415424,27.712300209477814,105.045472,15.990769328886712,120.818576,25.199961216879363,photos/2025/03/19/photo_20250319_180002.jpg,2025-03-19 18:00:13,18,Cultivo2,0,Exponential
753,28.125,9.479036,37.064464,23.14786276950371,135.283008,26.5631866023626,96.808832,12.937998160175477,112.577504,23.74975656991002,photos/2025/03/19/photo_20250319_190002.jpg,2025-03-19 19:00:13,19,Cultivo2,0,Exponential
754,28.125,9.45625,39.505376,22.79935160167709,135.79512,26.05063362349561,97.244848,13.449113097101383,113.29064,23.402360060267423,photos/2025/03/19/photo_20250319_200002.jpg,2025-03-19 20:00:13,20,Cultivo2,0,Exponential
755,28.0625,9.410677,47.657808,23.841587892546418,142.994832,27.05549831904369,104.402272,16.275946689367597,120.58168,24.63304188234981,photos/2025/03/19/photo_20250319_210002.jpg,2025-03-19 21:00:13,21,Cultivo2,0,Exponential
756,28.1875,9.518099,32.364192,20.97521831804227,128.642976,25.147000573893976,89.990592,10.686375820975792,106.109728,22.02439864709173,photos/2025/03/19/photo_20250319_220002.jpg,2025-03-19 22:00:13,22,Cultivo2,0,Exponential
757,28.125,9.488802,35.37912,22.38710606649247,132.338,26.11025323507989,94.015296,12.067084321641248,109.820816,23.16122632966881,photos/2025/03/19/photo_20250319_230002.jpg,2025-03-19 23:00:13,23,Cultivo2,0,Exponential
758,28.0625,9.501823,45.554736,24.26008249799658,140.400432,27.46627761844288,101.97352,16.55743059687414,118.089472,25.023212798544,photos/2025/03/20/photo_20250320_000002.jpg,2025-03-20 00:00:13,0,Cultivo2,0,Exponential
759,27.9375,9.452995,39.468832,22.232161018137305,134.408448,25.897958263756934,96.053296,12.863920574839383,112.107632,23.08220334700689,photos/2025/03/20/photo_20250320_010002.jpg,2025-03-20 01:00:13,1,Cultivo2,0,Exponential
760,27.875,9.413933,33.234,22.60803275341435,127.451168,26.448782191922863,89.057888,11.800468295792331,105.227344,23.40087816099353,photos/2025/03/20/photo_20250320_020002.jpg,2025-03-20 02:00:13,2,Cultivo2,0,Exponential
761,27.75,9.45625,37.507024,22.7197923960994,132.067008,26.32774152729277,94.115488,12.790266246776255,109.926768,23.47685764905891,photos/2025/03/20/photo_20250320_030002.jpg,2025-03-20 03:00:13,3,Cultivo2,0,Exponential
762,27.6875,9.407422,33.580752,21.89844614269935,127.53864,26.08991458304147,89.559536,11.311066046774547,105.460912,22.93653836410926,photos/2025/03/20/photo_20250320_040002.jpg,2025-03-20 04:00:13,4,Cultivo2,0,Exponential
763,27.6875,9.371614,36.932176,21.586307947622725,132.638624,25.69627707249873,94.77352,11.955704575850978,110.395472,22.67561654943953,photos/2025/03/20/photo_20250320_050002.jpg,2025-03-20 05:00:13,5,Cultivo2,0,Exponential
764,27.5625,9.365105,34.335264,21.331338964293828,128.421952,25.445678071328658,90.40648,11.3535494912518,106.320208,22.37835907381808,photos/2025/03/20/photo_20250320_060002.jpg,2025-03-20 06:00:13,6,Cultivo2,0,Exponential
765,27.4375,9.365105,32.59344,21.254787229233795,124.953568,25.58222422052813,86.9072,10.45156088660445,103.040864,22.365645667708858,photos/2025/03/20/photo_20250320_070002.jpg,2025-03-20 07:00:13,7,Cultivo2,0,Exponential
766,27.375,9.007031,30.267888,20.140328691142656,124.272512,24.639204070137005,86.415856,9.767377335777295,102.229232,21.386322654682267,photos/2025/03/20/photo_20250320_080002.jpg,2025-03-20 08:00:13,8,Cultivo2,0,Exponential
767,27.25,9.228386,31.44784,20.85254652233573,124.087296,25.31451685117424,86.554768,10.175819934255912,102.28904,22.0428105258472,photos/2025/03/20/photo_20250320_090002.jpg,2025-03-20 09:00:13,9,Cultivo2,0,Exponential
768,27.25,9.205599,29.331728,22.369997283784905,122.03128,26.60185552854537,85.132384,10.48630900431682,100.407008,23.29280834266096,photos/2025/03/20/photo_20250320_100002.jpg,2025-03-20 10:00:13,10,Cultivo2,0,Exponential
769,27.25,8.873568,30.83968,20.89497921840556,123.917296,25.36891121133077,87.62568,10.074564878822311,102.428064,22.05160840419365,photos/2025/03/20/photo_20250320_110002.jpg,2025-03-20 11:00:13,11,Cultivo2,0,Exponential
770,27.3125,8.925652,31.563648,18.78342608221024,122.643968,23.392170852979337,86.598512,8.662814146228465,101.44856,20.098252907315103,photos/2025/03/20/photo_20250320_120002.jpg,2025-03-20 12:00:13,12,Cultivo2,0,Exponential
771,27.4375,9.215364,30.241296,18.11182218860421,117.211424,22.74082786294782,81.582128,8.43124665991833,96.606704,19.474311855785405,photos/2025/03/20/photo_20250320_130002.jpg,2025-03-20 13:00:13,13,Cultivo2,0,Exponential
772,27.5625,9.208855,29.913984,18.033516154715915,116.36848,22.77732904643562,80.85176,8.159815270442339,95.851536,19.457114853973188,photos/2025/03/20/photo_20250320_140002.jpg,2025-03-20 14:00:13,14,Cultivo2,0,Exponential
773,27.75,9.313021,26.77856,19.302727498044,115.060752,24.07291933261307,79.098016,8.519064052253627,94.20224,20.66362124561908,photos/2025/03/20/photo_20250320_150002.jpg,2025-03-20 15:00:13,15,Cultivo2,0,Exponential
774,27.875,9.332552,28.943952,21.93441334816721,121.686912,26.21677615391061,85.489088,10.430865478074962,100.258384,22.9288319307492,photos/2025/03/20/photo_20250320_160002.jpg,2025-03-20 16:00:13,16,Cultivo2,0,Exponential
775,27.9375,9.365105,22.233312,19.524425416385498,109.559408,24.38649279190298,73.5496,7.800044968502169,88.798416,20.841286426008928,photos/2025/03/20/photo_20250320_170002.jpg,2025-03-20 17:00:13,17,Cultivo2,0,Exponential
776,28.0,9.348828,21.295008,20.17758569461709,108.041984,24.8219173583296,72.920128,8.39496481707553,87.600448,21.35674821219972,photos/2025/03/20/photo_20250320_180002.jpg,2025-03-20 18:00:13,18,Cultivo2,0,Exponential
777,28.0,9.394402,21.472432,21.10776637432355,107.132528,25.32603506925662,71.428176,9.00613080103637,86.648784,21.997682589794408,photos/2025/03/20/photo_20250320_190002.jpg,2025-03-20 19:00:13,19,Cultivo2,0,Exponential
778,28.0625,9.387891,21.033136,18.985564051905964,108.040512,23.997749035646155,72.449824,7.743347467697934,87.432992,20.432963317344257,photos/2025/03/20/photo_20250320_200002.jpg,2025-03-20 20:00:13,20,Cultivo2,0,Exponential
779,28.0,9.358594,22.770112,18.78066292060384,108.786832,23.677882663020693,72.563216,7.608507837116027,88.113216,20.175546737011715,photos/2025/03/20/photo_20250320_210002.jpg,2025-03-20 21:00:13,21,Cultivo2,0,Exponential
780,28.0625,9.326042,19.435296,19.365747500409068,103.09616,24.14594759487397,67.73752,7.491808152401129,82.943008,20.6140895484602,photos/2025/03/20/photo_20250320_220002.jpg,2025-03-20 22:00:13,22,Cultivo2,0,Exponential
781,28.0,9.420443,18.65256,17.525191748748426,103.112864,22.69467245230704,68.10736,6.597803683529846,82.955568,19.104786253642725,photos/2025/03/20/photo_20250320_230002.jpg,2025-03-20 23:00:13,23,Cultivo2,0,Exponential
782,27.9375,9.423698,18.813872,18.50742445701876,103.110384,23.49568248365099,68.085088,7.071569865851288,82.969456,19.91957135743799,photos/2025/03/21/photo_20250321_000002.jpg,2025-03-21 00:00:13,0,Cultivo2,0,Exponential
783,27.875,9.462761,18.197648,18.82767449576288,101.94344,23.80788140440892,67.19896,7.101996850752329,81.951232,20.193952898879804,photos/2025/03/21/photo_20250321_010002.jpg,2025-03-21 01:00:13,1,Cultivo2,0,Exponential
784,27.8125,9.378125,17.960128,18.45277031053538,99.80352,23.48570875254992,65.370432,6.8391819849756885,80.118608,19.8689739076364,photos/2025/03/21/photo_20250321_020002.jpg,2025-03-21 02:00:13,2,Cultivo2,0,Exponential
785,27.6875,9.391146,19.18472,19.75933043902045,103.593136,24.704793658023217,69.05496,7.394835395166008,83.592224,21.04444037587657,photos/2025/03/21/photo_20250321_030002.jpg,2025-03-21 03:00:13,3,Cultivo2,0,Exponential
786,27.625,9.352083,19.9044,21.999384992503405,101.56288,26.54351352224494,67.167296,8.38987369630795,81.921152,22.91380699475528,photos/2025/03/21/photo_20250321_040002.jpg,2025-03-21 04:00:13,4,Cultivo2,0,Exponential
787,27.5625,9.329297,17.457488,18.47619889009035,99.50064,23.437802277312606,65.444768,6.70855697820746,79.905888,19.82100640561564,photos/2025/03/21/photo_20250321_050002.jpg,2025-03-21 05:00:13,5,Cultivo2,0,Exponential
788,27.5,9.306511,15.847968,18.809017049687206,94.400448,23.569145113883447,61.263024,6.715014093133089,75.485568,19.996636510107795,photos/2025/03/21/photo_20250321_060002.jpg,2025-03-21 06:00:13,6,Cultivo2,0,Exponential
789,27.375,9.264193,15.1044,18.06365579800324,94.664144,23.05448331121875,61.498208,6.158217651236435,75.626224,19.406384606665508,photos/2025/03/21/photo_20250321_070002.jpg,2025-03-21 07:00:13,7,Cultivo2,0,Exponential
790,27.25,8.870313,16.720864,17.574443904817702,94.813712,22.47177716116498,61.431696,6.234064091225242,75.877712,18.917808901800864,photos/2025/03/21/photo_20250321_080002.jpg,2025-03-21 08:00:13,8,Cultivo2,0,Exponential
791,27.1875,8.857292,38.823104,20.49775796725642,126.301968,24.15751111615135,90.842576,12.03968919055571,105.681088,21.457269703675163,photos/2025/03/21/photo_20250321_090002.jpg,2025-03-21 09:00:13,9,Cultivo2,0,Exponential
792,27.1875,8.925652,19.973696,19.147729188642707,97.220032,23.805512679187903,64.01072,7.716825001228419,78.432,20.354674352590365,photos/2025/03/21/photo_20250321_100002.jpg,2025-03-21 10:00:13,10,Cultivo2,0,Exponential
793,27.25,8.867058,19.664784,20.90743636726263,101.21128,25.52179274192156,68.168192,8.00590970679435,82.001696,21.92648145789889,photos/2025/03/21/photo_20250321_110002.jpg,2025-03-21 11:00:13,11,Cultivo2,0,Exponential
794,27.25,9.081902,41.882816,24.28384267924136,126.761392,27.406609024509688,92.847184,16.008650533700337,106.893872,24.96315654815344,photos/2025/03/21/photo_20250321_120002.jpg,2025-03-21 12:00:13,12,Cultivo2,0,Exponential
795,26.9375,9.091667,38.850944,20.767587191582944,122.716768,24.42087180331972,89.0968,12.3464608009285,103.055168,21.734145589182383,photos/2025/03/21/photo_20250321_130002.jpg,2025-03-21 13:00:13,13,Cultivo2,0,Exponential
796,26.875,9.124219,37.235232,20.524243809713816,122.71168,24.414073473666782,88.114368,11.481796109763316,102.5676,21.57788474897389,photos/2025/03/21/photo_20250321_140002.jpg,2025-03-21 14:00:13,14,Cultivo2,0,Exponential
797,26.9375,9.267448,22.778208,18.49456470710636,107.715888,23.093765746873245,74.489216,7.69569595999842,88.06848,19.73877844471638,photos/2025/03/21/photo_20250321_150002.jpg,2025-03-21 15:00:13,15,Cultivo2,0,Exponential
798,27.0625,9.247917,22.908176,17.82040438760737,105.985328,22.254981121816662,72.699488,7.706738892230876,86.519232,19.040450365739147,photos/2025/03/21/photo_20250321_160002.jpg,2025-03-21 16:00:13,16,Cultivo2,0,Exponential
799,27.25,9.199089,15.82032,18.56506988031707,92.67312,23.197447391159223,60.693712,6.503766531603053,74.329008,19.68460580595751,photos/2025/03/21/photo_20250321_170002.jpg,2025-03-21 17:00:13,17,Cultivo2,0,Exponential
800,27.375,9.309766,23.548864,19.23285475006391,104.593312,23.774198721947624,71.169712,8.859011023218336,85.307248,20.50725097780041,photos/2025/03/21/photo_20250321_180002.jpg,2025-03-21 18:00:13,18,Cultivo2,0,Exponential
801,27.5,9.270703,27.45048,20.53330755103073,111.476688,24.698494540166937,77.593472,10.179538485098428,91.715008,21.59486965832246,photos/2025/03/21/photo_20250321_190002.jpg,2025-03-21 19:00:13,19,Cultivo2,0,Exponential
802,27.5625,9.417188,27.395152,20.06117714120525,111.31536,24.35346718786465,77.258928,9.895096103469436,91.512,21.215345389599484,photos/2025/03/21/photo_20250321_200002.jpg,2025-03-21 20:00:13,20,Cultivo2,0,Exponential
803,27.5625,9.439974,24.457424,18.76100922596394,108.77448,23.0918396999806,75.063536,8.580353097875633,89.037616,19.93514948618505,photos/2025/03/21/photo_20250321_210002.jpg,2025-03-21 21:00:13,21,Cultivo2,0,Exponential
804,27.625,9.466016,24.812816,19.49196400204187,112.882608,23.386294001366185,79.044848,9.123977320781984,92.685792,20.38839339753714,photos/2025/03/21/photo_20250321_220002.jpg,2025-03-21 22:00:13,22,Cultivo2,0,Exponential
805,27.6875,9.410677,26.007152,20.567362308900965,112.715008,24.350097732040748,78.33888,9.67612798845158,92.502592,21.34704197966397,photos/2025/03/21/photo_20250321_230002.jpg,2025-03-21 23:00:13,23,Cultivo2,0,Exponential
806,27.6875,9.436719,29.08976,19.773383171875874,120.228432,23.517075218261645,85.656224,9.491451687829423,99.464704,20.59138116281625,photos/2025/03/22/photo_20250322_000002.jpg,2025-03-22 00:00:13,0,Cultivo2,0,Exponential
807,27.625,9.361849,26.614528,20.38269449192073,117.674784,24.16056610581267,83.667968,9.42685967526917,97.099008,21.152640436029163,photos/2025/03/22/photo_20250322_010002.jpg,2025-03-22 01:00:13,1,Cultivo2,0,Exponential
808,27.625,9.44323,50.8008,23.676737456892663,150.84096,26.2681029821036,116.253376,16.03474724964507,129.098032,24.137735555080056,photos/2025/03/22/photo_20250322_020002.jpg,2025-03-22 02:00:13,2,Cultivo2,0,Exponential
809,27.5625,9.37487,50.28536,23.533647073636843,150.620288,26.2541171399279,116.212752,15.712871464834173,128.900592,24.04723930203914,photos/2025/03/22/photo_20250322_030002.jpg,2025-03-22 03:00:13,3,Cultivo2,0,Exponential
810,27.5,9.397656,39.888944,21.622548078054447,140.698576,24.10281459855309,106.469168,13.002237444565608,118.959088,21.86498584971543,photos/2025/03/22/photo_20250322_040002.jpg,2025-03-22 04:00:13,4,Cultivo2,0,Exponential
811,27.5,9.345573,40.87472,22.656603725803564,141.745568,25.25199272052357,107.477648,13.55362390365027,119.991104,22.921504681438,photos/2025/03/22/photo_20250322_050002.jpg,2025-03-22 05:00:13,5,Cultivo2,0,Exponential
812,27.4375,9.407422,38.980944,21.732231175063458,138.6792,24.374858509538058,104.61744,12.323286772158797,117.114528,21.982565531284468,photos/2025/03/22/photo_20250322_060002.jpg,2025-03-22 06:00:13,6,Cultivo2,0,Exponential
813,27.375,9.391146,40.524224,24.43070591977694,140.500912,26.83729612252799,106.564624,14.113047764314553,118.936576,24.45836579569911,photos/2025/03/22/photo_20250322_070002.jpg,2025-03-22 07:00:13,7,Cultivo2,0,Exponential
814,27.3125,9.387891,37.224368,21.332884028071216,138.345168,24.06396299556197,104.612192,11.418443107559629,116.717952,21.566369396022505,photos/2025/03/22/photo_20250322_080002.jpg,2025-03-22 08:00:13,8,Cultivo2,0,Exponential
815,27.25,9.28698,37.933648,26.369995313102656,138.12464,28.63198073606505,104.554288,14.80999113477439,116.637968,26.17054200491415,photos/2025/03/22/photo_20250322_090002.jpg,2025-03-22 09:00:13,9,Cultivo2,0,Exponential
816,27.125,9.37487,36.22656,22.18118402382127,136.462464,24.72779519182217,102.794624,11.660596149700066,114.946096,22.23850261053527,photos/2025/03/22/photo_20250322_100002.jpg,2025-03-22 10:00:13,10,Cultivo2,0,Exponential
817,27.125,9.329297,43.933728,22.35228187458059,144.54616,24.749847944066243,110.871536,12.825797441953307,122.990272,22.44674910462573,photos/2025/03/22/photo_20250322_110002.jpg,2025-03-22 11:00:13,11,Cultivo2,0,Exponential
818,27.25,9.326042,40.891216,22.53642246830992,142.069552,24.810792702356288,108.702816,13.421082744746938,120.542464,22.588540209776816,photos/2025/03/22/photo_20250322_120002.jpg,2025-03-22 12:00:13,12,Cultivo2,0,Exponential
819,27.375,9.423698,41.547488,22.967868892555096,142.751904,25.16175352344872,109.82312,12.860572961180852,121.334144,22.866241925320043,photos/2025/03/22/photo_20250322_130002.jpg,2025-03-22 13:00:13,13,Cultivo2,0,Exponential
820,27.4375,9.293489,39.597616,20.24023287376546,139.644768,22.65326648027114,106.566912,10.78101994787803,118.326032,20.323539631052853,photos/2025/03/22/photo_20250322_140002.jpg,2025-03-22 14:00:13,14,Cultivo2,0,Exponential
821,27.4375,9.423698,38.86216,22.87724894464507,138.6216,24.979124352947203,105.691856,12.084663674856657,117.37472,22.64607976939055,photos/2025/03/22/photo_20250322_150002.jpg,2025-03-22 15:00:13,15,Cultivo2,0,Exponential
822,27.625,9.44323,36.780032,22.292681844653504,139.674976,24.64134459398318,106.499584,11.57113780399214,118.001904,22.204432989265545,photos/2025/03/22/photo_20250322_160002.jpg,2025-03-22 16:00:13,16,Cultivo2,0,Exponential
823,27.75,9.410677,31.767984,21.954526084395443,134.120336,24.35831848151887,101.19936,10.425521405461886,112.587888,21.798207717595865,photos/2025/03/22/photo_20250322_170002.jpg,2025-03-22 17:00:13,17,Cultivo2,0,Exponential
824,27.8125,9.514844,33.39112,21.433335696763955,134.504032,23.957894392933948,101.120768,9.932364932159912,112.976752,21.3542446256124,photos/2025/03/22/photo_20250322_180002.jpg,2025-03-22 18:00:13,18,Cultivo2,0,Exponential
825,27.9375,9.501823,29.113072,24.527219215627685,129.910016,26.78510389899102,96.885888,11.686117521350535,108.527264,24.14318505653933,photos/2025/03/22/photo_20250322_190002.jpg,2025-03-22 19:00:13,19,Cultivo2,0,Exponential
826,28.0,9.485547,30.309952,22.392636271203084,133.97824,24.82046136763779,100.60984,10.391568589856682,112.161632,22.190935516480057,photos/2025/03/22/photo_20250322_200002.jpg,2025-03-22 20:00:13,20,Cultivo2,0,Exponential
827,28.0,9.521355,29.15896,24.230767733078537,130.578256,26.5282811353933,97.62784,10.854573032524126,109.138192,23.827358203777774,photos/2025/03/22/photo_20250322_210002.jpg,2025-03-22 21:00:13,21,Cultivo2,0,Exponential
828,28.0625,9.52461,34.286272,22.48591508558689,134.886688,24.707395338049214,101.266576,12.018058426468729,113.347408,22.34203920150388,photos/2025/03/22/photo_20250322_220002.jpg,2025-03-22 22:00:13,22,Cultivo2,0,Exponential
829,28.125,9.544141,35.625136,21.35890306981143,136.365728,23.7728868047197,102.61112,11.454268242952232,114.7724,21.388153502347976,photos/2025/03/22/photo_20250322_230002.jpg,2025-03-22 23:00:13,23,Cultivo2,0,Exponential
830,28.125,9.576693,34.514288,21.85433441132848,136.236032,24.138442718928165,102.718768,11.375952349278542,114.597872,21.73532509698477,photos/2025/03/23/photo_20250323_000002.jpg,2025-03-23 00:00:13,0,Cultivo2,0,Exponential
831,28.0625,9.560417,31.236976,23.384628202090703,131.229216,25.741564910186483,97.904272,11.453128933851396,109.849264,23.1675679918783,photos/2025/03/23/photo_20250323_010002.jpg,2025-03-23 01:00:13,1,Cultivo2,0,Exponential
832,28.0,9.609245,32.93304,22.40692747579069,134.736992,24.86849594953293,101.610784,10.874981763589307,113.205072,22.277318543191324,photos/2025/03/23/photo_20250323_020002.jpg,2025-03-23 02:00:13,2,Cultivo2,0,Exponential
833,27.875,9.550652,30.483952,20.69974445044189,130.769264,23.405238919915,97.20192,9.526459072588096,109.28912,20.75730680087376,photos/2025/03/23/photo_20250323_030002.jpg,2025-03-23 03:00:13,3,Cultivo2,0,Exponential
834,27.8125,9.518099,29.219072,25.420140016689444,128.690272,27.70872737182305,95.747648,11.783956867657656,107.48264,24.973196564124507,photos/2025/03/23/photo_20250323_040002.jpg,2025-03-23 04:00:13,4,Cultivo2,0,Exponential
835,27.75,9.52461,27.613104,21.1297559059885,126.745344,23.93387186231396,93.369312,9.562037831193935,105.45296,21.193317702483487,photos/2025/03/23/photo_20250323_050002.jpg,2025-03-23 05:00:13,5,Cultivo2,0,Exponential
836,27.6875,9.508333,24.85304,21.292293833785408,122.864688,24.097001528461085,89.763088,9.270213091315648,101.788224,21.30212644141012,photos/2025/03/23/photo_20250323_060002.jpg,2025-03-23 06:00:13,6,Cultivo2,0,Exponential
837,27.625,9.479036,25.321056,23.14756353423798,120.490976,25.86176541861409,87.607696,10.095405442321969,99.807536,23.02296448350437,photos/2025/03/23/photo_20250323_070002.jpg,2025-03-23 07:00:13,7,Cultivo2,0,Exponential
838,27.5,9.479036,28.461296,21.3460272858156,124.396576,24.26679986063725,91.087904,9.340812277333487,103.489696,21.4428275613918,photos/2025/03/23/photo_20250323_080002.jpg,2025-03-23 08:00:13,8,Cultivo2,0,Exponential
839,27.375,9.472527,26.81472,22.54771953181749,121.40288,25.34393354839773,88.356864,10.424609696367536,100.734928,22.54590820603189,photos/2025/03/23/photo_20250323_090002.jpg,2025-03-23 09:00:13,9,Cultivo2,0,Exponential
840,27.4375,9.475781,24.41568,21.47226487350191,118.899008,24.40039623891252,86.175776,9.39462368259634,98.341232,21.548700395201934,photos/2025/03/23/photo_20250323_100002.jpg,2025-03-23 10:00:13,10,Cultivo2,0,Exponential
841,27.375,9.485547,23.981824,18.73423823972525,117.617024,22.22273109641171,84.595904,8.198935884187899,97.075376,19.318645875387435,photos/2025/03/23/photo_20250323_110002.jpg,2025-03-23 11:00:13,11,Cultivo2,0,Exponential
842,27.375,9.365105,25.355536,21.16367912808205,119.262528,24.491789461964924,86.748672,8.621079871611444,98.84024,21.429131497622578,photos/2025/03/23/photo_20250323_120002.jpg,2025-03-23 12:00:13,12,Cultivo2,0,Exponential
843,27.4375,9.462761,23.62832,19.386361542625163,113.97904,22.83325313393604,81.618432,8.052308860047534,94.01472,19.84338215430021,photos/2025/03/23/photo_20250323_130002.jpg,2025-03-23 13:00:13,13,Cultivo2,0,Exponential
844,27.5625,9.495313,25.641552,20.645447785078435,119.296128,23.78181599894373,86.91256,8.499826529482586,98.942384,20.833759343828085,photos/2025/03/23/photo_20250323_140002.jpg,2025-03-23 14:00:13,14,Cultivo2,0,Exponential
845,27.625,9.475781,26.620976,20.09994645363773,117.532464,23.370101627693103,84.915664,8.376665017023422,97.429424,20.424581146947027,photos/2025/03/23/photo_20250323_150002.jpg,2025-03-23 15:00:13,15,Cultivo2,0,Exponential
846,27.8125,9.485547,21.014224,18.27440856909312,110.988672,21.817777697932847,78.387184,7.489228910764045,90.99616,18.851814163480395,photos/2025/03/23/photo_20250323_160002.jpg,2025-03-23 16:00:13,16,Cultivo2,0,Exponential
847,27.875,9.514844,19.638944,19.99110456575564,110.19472,23.57059736454721,77.660032,7.421256400695505,90.156496,20.41310023004796,photos/2025/03/23/photo_20250323_170002.jpg,2025-03-23 17:00:13,17,Cultivo2,0,Exponential
848,28.0,9.550652,18.695936,19.021987167528003,109.844352,22.757821989375348,77.42272,7.6588433254574415,89.776144,19.64163945528132,photos/2025/03/23/photo_20250323_180002.jpg,2025-03-23 18:00:13,18,Cultivo2,0,Exponential
849,28.125,9.632031,17.217744,17.88198639937566,104.12736,21.6228309763176,71.850112,6.999377940250405,84.585872,18.57491475080346,photos/2025/03/23/photo_20250323_190002.jpg,2025-03-23 19:00:13,19,Cultivo2,0,Exponential
850,28.1875,9.550652,16.640592,18.644563538540023,105.1452,22.485364950562843,72.984688,6.958590222849453,85.45696,19.302215094605074,photos/2025/03/23/photo_20250323_200002.jpg,2025-03-23 20:00:13,20,Cultivo2,0,Exponential
851,28.1875,9.602735,16.53368,18.6341494701469,103.979776,22.66944461141084,71.688832,6.5107444779840655,84.381088,19.37297963495177,photos/2025/03/23/photo_20250323_210002.jpg,2025-03-23 21:00:13,21,Cultivo2,0,Exponential
852,28.125,9.615755,15.197568,18.282354771046315,97.618128,22.09841002822637,65.69984,6.798268521129185,78.694976,18.951948088769765,photos/2025/03/23/photo_20250323_220002.jpg,2025-03-23 22:00:13,22,Cultivo2,0,Exponential
853,28.1875,9.6125,14.746336,17.10724140866668,95.110496,20.97523450724649,63.50184,6.032642420623321,76.517184,17.861867559416737,photos/2025/03/23/photo_20250323_230002.jpg,2025-03-23 23:00:13,23,Cultivo2,0,Exponential
854,28.1875,9.654818,14.418816,19.08837034302258,97.308208,23.16064869188115,65.694704,6.426797737454011,78.43296,19.786154392362352,photos/2025/03/24/photo_20250324_000002.jpg,2025-03-24 00:00:13,0,Cultivo2,0,Exponential
855,28.125,9.615755,13.299824,17.530621378787462,93.803952,21.56691274108782,62.59856,6.214008172590699,75.320704,18.350667697508555,photos/2025/03/24/photo_20250324_010002.jpg,2025-03-24 01:00:13,1,Cultivo2,0,Exponential
856,28.0625,9.586458,13.052208,17.085562695476433,90.576608,21.282778841456206,59.653712,5.710098626533171,72.516608,17.993813052667186,photos/2025/03/24/photo_20250324_020002.jpg,2025-03-24 02:00:13,2,Cultivo2,0,Exponential
857,28.0,9.576693,12.717888,16.44194749944957,95.669152,20.722519817843004,64.202688,5.384721795920008,76.81912,17.43465888469287,photos/2025/03/24/photo_20250324_030002.jpg,2025-03-24 03:00:13,3,Cultivo2,0,Exponential
858,27.875,10.39701,14.099216,15.2787282889518,92.237792,19.444991925036536,60.726128,5.178101214281544,73.917872,16.3136131801516,photos/2025/03/24/photo_20250324_040002.jpg,2025-03-24 04:00:13,4,Cultivo2,0,Exponential
859,27.875,10.36445,11.97816,16.542969060458766,86.190192,20.66250640660847,55.784448,5.226791273276559,68.667808,17.422260257358573,photos/2025/03/24/photo_20250324_050002.jpg,2025-03-24 05:00:13,5,Cultivo2,0,Exponential
860,27.75,10.33516,13.549264,19.2649093983622,89.069856,23.85046515561623,58.330336,5.595045402702644,71.27912,20.167588155890133,photos/2025/03/24/photo_20250324_060002.jpg,2025-03-24 06:00:13,6,Cultivo2,0,Exponential
861,27.6875,10.40026,12.269648,15.508824307534857,84.285648,19.66764056057808,53.793504,5.07598679628858,66.978512,16.504816335417246,photos/2025/03/24/photo_20250324_070002.jpg,2025-03-24 07:00:13,7,Cultivo2,0,Exponential
862,27.0,9.039583,12.706288,15.571127732335382,87.90664,19.68552696552469,58.376464,5.171864389275496,70.54776,16.535340304402567,photos/2025/03/24/photo_20250324_080002.jpg,2025-03-24 08:00:13,8,Cultivo2,0,Exponential
863,26.8125,9.007031,12.903552,16.523134364110945,90.471168,20.680265779621305,60.060256,5.250247402103637,72.572096,17.422391172476413,photos/2025/03/24/photo_20250324_090002.jpg,2025-03-24 09:00:13,9,Cultivo2,0,Exponential
864,26.75,9.000521,13.191824,16.485462713814737,89.771568,20.72031801931081,59.716368,5.137674527743462,72.089504,17.42874559553796,photos/2025/03/24/photo_20250324_100002.jpg,2025-03-24 10:00:13,10,Cultivo2,0,Exponential
865,26.625,8.154167,15.250384,15.253113790155242,87.774272,19.3325720707312,58.026976,5.183757310343917,70.664336,16.243877913820455,photos/2025/03/24/photo_20250324_110002.jpg,2025-03-24 11:00:13,11,Cultivo2,0,Exponential
866,26.6875,8.359245,22.704448,14.65357785661918,98.78568,18.62355763374979,70.964,5.59324816321393,81.808096,15.685308439899549,photos/2025/03/24/photo_20250324_120002.jpg,2025-03-24 12:00:13,12,Cultivo2,0,Exponential
867,26.75,8.111849,27.726208,13.938000458542682,101.098656,17.80343683095104,73.671392,6.080306401879431,84.554,14.97027708494402,photos/2025/03/24/photo_20250324_130002.jpg,2025-03-24 13:00:13,13,Cultivo2,0,Exponential
868,26.875,8.079297,28.71512,14.02794603331507,100.172176,17.66335153432168,73.53808,6.893715064143571,84.07016,14.977106448656896,photos/2025/03/24/photo_20250324_140002.jpg,2025-03-24 14:00:13,14,Cultivo2,0,Exponential
869,27.0625,8.365755,22.00168,16.48255873674764,92.81912,20.480074277834053,64.070608,5.684497970586321,76.194032,17.31273749535226,photos/2025/03/24/photo_20250324_150002.jpg,2025-03-24 15:00:13,15,Cultivo2,0,Exponential
870,27.25,8.196485,13.333632,14.5520506200417,82.484816,18.68751736978842,53.330912,5.062965305883105,65.940784,15.64355347947978,photos/2025/03/24/photo_20250324_160002.jpg,2025-03-24 16:00:13,16,Cultivo2,1,Stationary
871,27.25,8.20625,11.1384,14.737668597916564,80.68304,19.300914391769112,51.903728,4.484481401455468,64.200672,16.012231910274597,photos/2025/03/24/photo_20250324_170002.jpg,2025-03-24 17:00:13,17,Cultivo2,1,Stationary
872,27.25,8.095573,10.671232,15.963851157211408,79.727552,20.47411194868525,50.80048,4.772652889345296,63.249312,17.104364458425692,photos/2025/03/24/photo_20250324_180002.jpg,2025-03-24 18:00:13,18,Cultivo2,1,Stationary
873,27.3125,8.020703,14.325072,14.55420956679462,84.747936,18.664667362155264,58.036768,4.866835542199469,68.751184,15.611365942740052,photos/2025/03/24/photo_20250324_190002.jpg,2025-03-24 19:00:13,19,Cultivo2,1,Stationary
874,27.375,8.180208,9.702384,14.245171065808371,75.414992,18.65020894359996,46.729184,4.475295824472836,59.394528,15.46873684750038,photos/2025/03/24/photo_20250324_200002.jpg,2025-03-24 20:00:13,20,Cultivo2,1,Stationary
875,27.375,8.147656,7.957152,12.572200290955598,70.70976,17.320386622197553,43.280064,3.775299199917273,55.405568,14.14445907758144,photos/2025/03/24/photo_20250324_210002.jpg,2025-03-24 21:00:13,21,Cultivo2,1,Stationary
876,27.375,8.102083,7.963136,13.609062810700816,70.238976,18.486964338999087,43.06488,3.7010075716626143,55.059808,15.143761454907295,photos/2025/03/24/photo_20250324_220002.jpg,2025-03-24 22:00:13,22,Cultivo2,1,Stationary
877,27.375,8.13138,9.288352,14.141582047476302,73.13568,18.72337124925957,45.383136,4.414404277373788,57.607696,15.50360685684412,photos/2025/03/24/photo_20250324_230002.jpg,2025-03-24 23:00:13,23,Cultivo2,1,Stationary
878,27.3125,8.11836,9.937824,16.43769020000754,73.382144,21.44746768183284,46.081024,4.741517704809716,58.019168,17.837026226021422,photos/2025/03/25/photo_20250325_000002.jpg,2025-03-25 00:00:13,0,Cultivo2,1,Stationary
879,27.25,7.926302,10.021472,15.071531679951311,73.532192,20.08236409577159,45.797168,4.493958939867609,58.042336,16.60388869099959,photos/2025/03/25/photo_20250325_010002.jpg,2025-03-25 01:00:13,1,Cultivo2,1,Stationary
880,27.1875,7.981641,9.180048,13.05230086634782,67.27016,17.821580333247667,40.672656,4.232485642940328,52.733152,14.636781891689717,photos/2025/03/25/photo_20250325_020002.jpg,2025-03-25 02:00:13,2,Cultivo2,1,Stationary
881,27.125,7.926302,8.826336,14.982709171521684,69.371232,19.94677986047312,42.58896,4.253286824927752,54.494464,16.472172453951057,photos/2025/03/25/photo_20250325_030002.jpg,2025-03-25 03:00:13,3,Cultivo2,1,Stationary
882,27.0,7.835156,8.71376,13.412553652887432,66.74768,18.37866977279912,40.347696,4.014918512547919,52.27584,15.054527302256954,photos/2025/03/25/photo_20250325_040002.jpg,2025-03-25 04:00:13,4,Cultivo2,1,Stationary
883,26.9375,7.903516,8.397328,12.133546621933094,64.672848,16.98862571160175,38.758624,3.9839962927211663,50.54728,13.847747708620345,photos/2025/03/25/photo_20250325_050002.jpg,2025-03-25 05:00:13,5,Cultivo2,1,Stationary
884,26.8125,7.870964,7.440928,13.752624586826183,64.114288,19.34054503505669,39.094768,3.8097494010519903,50.2044,15.718513817788246,photos/2025/03/25/photo_20250325_060002.jpg,2025-03-25 06:00:13,6,Cultivo2,1,Stationary
885,26.75,7.792839,8.001664,12.339583192141298,63.03944,17.232293303167747,37.768832,3.8847348984330967,49.234496,14.039821780421004,photos/2025/03/25/photo_20250325_070002.jpg,2025-03-25 07:00:13,7,Cultivo2,1,Stationary
886,27.0625,9.042839,8.222608,14.195024580917922,65.41624,19.498564671852133,39.962944,3.833181143428524,51.31768,15.9334975262056,photos/2025/03/25/photo_20250325_080002.jpg,2025-03-25 08:00:13,8,Cultivo2,1,Stationary
887,27.1875,9.120964,8.274272,12.024492549954198,63.6508,17.110693596695608,39.054064,3.676233788813764,50.001312,13.808990632144551,photos/2025/03/25/photo_20250325_090002.jpg,2025-03-25 09:00:13,9,Cultivo2,1,Stationary
888,27.375,9.133985,9.57744,11.26225998573004,60.071296,16.405106670801747,35.734768,4.093741936956945,47.055616,13.195017652907632,photos/2025/03/25/photo_20250325_100002.jpg,2025-03-25 10:00:13,10,Cultivo2,1,Stationary
889,27.5625,9.173047,10.030832,10.4939373740506,60.749168,15.500599578976807,36.043248,3.9945074023934417,47.600112,12.402791040223809,photos/2025/03/25/photo_20250325_110002.jpg,2025-03-25 11:00:13,11,Cultivo2,1,Stationary
890,27.6875,9.319531,10.008576,9.761368541481469,61.020208,14.50451266457222,36.846624,3.9548884247503113,47.99032,11.566823690953363,photos/2025/03/25/photo_20250325_120002.jpg,2025-03-25 12:00:13,12,Cultivo2,1,Stationary
891,27.625,9.352083,10.464144,10.443829783320677,60.763136,15.989859519254818,36.695968,3.851384471493855,47.858896,12.6532466055627,photos/2025/03/25/photo_20250325_130002.jpg,2025-03-25 13:00:13,13,Cultivo2,1,Stationary
892,27.8125,9.485547,9.741488,10.607626103817951,58.720384,15.775012865051616,35.24304,3.83772895679932,46.126336,12.5860128402566,photos/2025/03/25/photo_20250325_140002.jpg,2025-03-25 14:00:13,14,Cultivo2,1,Stationary
893,27.875,9.404167,12.233648,9.487180983524242,60.487808,14.296144212868588,36.989184,4.0642028261512735,47.967456,11.341099633107188,photos/2025/03/25/photo_20250325_150002.jpg,2025-03-25 15:00:13,15,Cultivo2,1,Stationary
894,28.0625,9.466016,7.096064,9.954442976437004,52.110528,15.09705479758274,29.138192,3.347809389422283,40.11672,12.021795890864228,photos/2025/03/25/photo_20250325_160002.jpg,2025-03-25 16:00:13,16,Cultivo2,1,Stationary
895,28.1875,9.426953,7.173072,10.735240875588028,55.040704,16.554320015765793,31.044848,3.28989940314533,42.434288,13.106867281431365,photos/2025/03/25/photo_20250325_170002.jpg,2025-03-25 17:00:13,17,Cultivo2,1,Stationary
896,28.375,9.540886,7.668464,9.458641226405406,50.889648,14.978384373359363,27.662512,3.21752511733848,39.035408,11.789438420617667,photos/2025/03/25/photo_20250325_180002.jpg,2025-03-25 18:00:13,18,Cultivo2,1,Stationary
897,28.5,9.514844,6.55504,8.968581608615713,46.869792,14.231112039357148,25.23464,3.0159195278388977,35.80104,11.191435963199718,photos/2025/03/25/photo_20250325_190002.jpg,2025-03-25 19:00:13,19,Cultivo2,1,Stationary
898,28.5625,9.53763,6.79656,10.1170135835876,47.280432,15.754156210136296,25.396752,3.141923641083596,36.132496,12.446445790264145,photos/2025/03/25/photo_20250325_200002.jpg,2025-03-25 20:00:13,20,Cultivo2,1,Stationary
899,28.625,9.615755,5.982992,8.382567916531546,47.212704,13.419415375059526,25.358144,2.9952787396060487,35.973248,10.528046558146292,photos/2025/03/25/photo_20250325_210002.jpg,2025-03-25 21:00:13,21,Cultivo2,1,Stationary
900,28.6875,9.625521,6.674544,8.949877651100264,45.339104,14.02289386956858,23.800656,3.1557868103000875,34.49432,11.066455970074612,photos/2025/03/25/photo_20250325_220002.jpg,2025-03-25 22:00:13,22,Cultivo2,1,Stationary
901,28.6875,9.690625,6.109072,8.209488298222734,44.561712,13.417723787179998,23.658688,2.8195303330193133,33.92424,10.45861656350399,photos/2025/03/25/photo_20250325_230002.jpg,2025-03-25 23:00:13,23,Cultivo2,1,Stationary
902,28.75,9.745964,6.29392,8.48663955696576,41.957488,13.689435369285908,21.782512,2.866760372545986,31.86032,10.709574477895934,photos/2025/03/26/photo_20250326_000002.jpg,2025-03-26 00:00:13,0,Cultivo2,1,Stationary
903,28.625,9.648308,6.382416,9.65182651455858,44.122592,15.406054238562708,23.205808,3.00019966051328,33.566384,12.082290890577996,photos/2025/03/26/photo_20250326_010002.jpg,2025-03-26 01:00:13,1,Cultivo2,1,Stationary
904,28.625,9.605989,5.569248,7.888783547923216,43.273456,13.298927092666686,22.735504,2.668318705570232,32.827104,10.280183411456433,photos/2025/03/26/photo_20250326_020002.jpg,2025-03-26 02:00:13,2,Cultivo2,1,Stationary
905,28.5,9.651563,5.753536,8.008430561675864,40.748128,13.265644669431484,21.158896,2.7637582196538104,30.89072,10.30680211712634,photos/2025/03/26/photo_20250326_030002.jpg,2025-03-26 03:00:13,3,Cultivo2,1,Stationary
906,28.5,9.703646,5.613312,7.579005731704918,40.75024,12.449130569738594,21.109472,2.672115340073478,30.855184,9.681069585853828,photos/2025/03/26/photo_20250326_040002.jpg,2025-03-26 04:00:13,4,Cultivo2,1,Stationary
907,28.4375,9.628777,6.009568,7.597246417953284,39.511888,12.567672922043126,20.266336,2.79219563307731,29.92368,9.768496263888316,photos/2025/03/26/photo_20250326_050002.jpg,2025-03-26 05:00:13,5,Cultivo2,1,Stationary
908,28.375,9.635286,5.379008,7.926552421158646,41.007136,13.180559513067111,21.047568,2.772978351148093,30.959424,10.233555080626868,photos/2025/03/26/photo_20250326_060002.jpg,2025-03-26 06:00:13,6,Cultivo2,1,Stationary
909,28.3125,9.553906,6.419744,7.26475494189749,38.22768,12.268245914457372,19.241776,2.8386262477585875,28.92176,9.497871261624892,photos/2025/03/26/photo_20250326_070002.jpg,2025-03-26 07:00:13,7,Cultivo2,1,Stationary
910,28.125,9.264193,5.669536,8.336645071010281,38.832016,13.776495540439305,19.9836,2.6639537429737774,29.406864,10.695355893354089,photos/2025/03/26/photo_20250326_080002.jpg,2025-03-26 08:00:13,8,Cultivo2,1,Stationary
911,28.0,9.238152,6.760864,6.79613409046761,38.546688,11.374100238289444,19.431872,2.764969072793401,29.191232,8.814196181284826,photos/2025/03/26/photo_20250326_090002.jpg,2025-03-26 09:00:13,9,Cultivo2,1,Stationary
912,27.9375,9.277214,6.35992,6.561157947050505,39.432752,11.255924915638698,20.645184,2.607707344316076,30.026096,8.637870512966956,photos/2025/03/26/photo_20250326_100002.jpg,2025-03-26 10:00:13,10,Cultivo2,1,Stationary
913,27.9375,9.410677,9.768864,6.952041965811196,44.808224,11.841590010037672,26.21416,3.461387026829563,35.233328,9.079038167362004,photos/2025/03/26/photo_20250326_110002.jpg,2025-03-26 11:00:13,11,Cultivo2,1,Stationary
914,28.0,9.417188,12.264128,6.145939669155238,46.891536,10.456604207901533,28.265152,3.6875613079128593,37.356064,7.97687472810649,photos/2025/03/26/photo_20250326_120002.jpg,2025-03-26 12:00:13,12,Cultivo2,1,Stationary
915,27.4375,9.186068,13.619104,6.637154591954598,48.014704,11.176056898225957,29.007136,3.849285419033512,38.392288,8.583880598252517,photos/2025/03/26/photo_20250326_130002.jpg,2025-03-26 13:00:13,13,Cultivo2,1,Stationary
916,27.4375,9.257683,10.053328,7.4766971735450145,43.025344,12.514229887678423,23.136848,3.3832842216426338,33.315024,9.72457216947995,photos/2025/03/26/photo_20250326_140002.jpg,2025-03-26 14:00:13,14,Cultivo2,1,Stationary
917,27.5,9.28698,8.935088,6.942934511785633,40.07128,11.88497905600174,21.393584,3.204490978651056,30.926416,9.18412768829702,photos/2025/03/26/photo_20250326_150002.jpg,2025-03-26 15:00:13,15,Cultivo2,1,Stationary
918,27.6875,9.339063,6.420784,6.983181153939514,35.031152,11.846313416117946,17.891792,2.669216519007778,26.630448,9.14381929607623,photos/2025/03/26/photo_20250326_160002.jpg,2025-03-26 16:00:13,16,Cultivo2,1,Stationary
919,27.9375,9.345573,5.62864,6.424876591469753,35.473408,10.974655022620802,18.128128,2.5458255538037164,26.86608,8.43700524081857,photos/2025/03/26/photo_20250326_170002.jpg,2025-03-26 17:00:13,17,Cultivo2,1,Stationary
920,28.0,9.466016,5.040784,7.372019047111585,36.125776,12.438885014253648,18.387968,2.560284489142564,27.260128,9.586254191477297,photos/2025/03/26/photo_20250326_180002.jpg,2025-03-26 18:00:13,18,Cultivo2,1,Stationary
921,28.1875,9.508333,5.73792,7.475696363845712,34.199968,12.554224659411506,16.946672,2.5948660993585007,25.780192,9.708535030741558,photos/2025/03/26/photo_20250326_190002.jpg,2025-03-26 19:00:13,19,Cultivo2,1,Stationary
922,28.25,9.449739,4.93648,6.312365816400694,32.727024,10.728013241202865,16.391456,2.383079774073877,24.665024,8.2546480893751,photos/2025/03/26/photo_20250326_200002.jpg,2025-03-26 20:00:13,20,Cultivo2,1,Stationary
923,28.3125,9.628777,5.841616,6.107626340371519,33.138176,10.512817861687893,16.32808,2.580682566404477,24.984928,8.090760955238759,photos/2025/03/26/photo_20250326_210002.jpg,2025-03-26 21:00:13,21,Cultivo2,1,Stationary
924,28.375,9.53112,5.325552,6.616405654233724,32.997888,11.151460332147357,16.338432,2.390457674859775,24.845792,8.59191037504093,photos/2025/03/26/photo_20250326_220002.jpg,2025-03-26 22:00:13,22,Cultivo2,1,Stationary
925,28.375,9.557161,5.388016,6.877273580175213,30.702352,11.67105537936034,14.711632,2.4406662171923474,23.026032,9.009220739607615,photos/2025/03/26/photo_20250326_230002.jpg,2025-03-26 23:00:13,23,Cultivo2,1,Stationary
926,28.375,9.592969,5.318432,6.521094121517954,32.008944,11.146779265997152,15.463952,2.5082410293622104,24.00568,8.571473603622659,photos/2025/03/27/photo_20250327_000002.jpg,2025-03-27 00:00:13,0,Cultivo2,1,Stationary
927,28.375,9.540886,5.016576,6.012947099084109,30.28336,10.268092476716404,14.463296,2.3092261119743127,22.659392,7.897504554625847,photos/2025/03/27/photo_20250327_010002.jpg,2025-03-27 01:00:13,1,Cultivo2,1,Stationary
928,28.4375,9.583203,5.310032,5.078747620717533,28.55464,8.808432690916131,13.823584,2.30253950215322,21.494464,6.770317669999245,photos/2025/03/27/photo_20250327_020002.jpg,2025-03-27 02:00:13,2,Cultivo2,1,Stationary
929,28.3125,9.605989,5.024384,6.710417725775349,29.23688,11.363008046534157,14.10616,2.26610798960332,21.94488,8.741576161402474,photos/2025/03/27/photo_20250327_030002.jpg,2025-03-27 03:00:13,3,Cultivo2,1,Stationary
930,28.3125,9.579948,4.774464,6.676478562959967,29.434432,11.390306266179852,14.114656,2.3053844609314083,22.036128,8.753100865842688,photos/2025/03/27/photo_20250327_040002.jpg,2025-03-27 04:00:13,4,Cultivo2,1,Stationary
931,28.25,9.576693,5.047168,5.794835864076221,27.606048,9.845915387697376,12.997696,2.3175606097308434,20.662096,7.587504259424438,photos/2025/03/27/photo_20250327_050002.jpg,2025-03-27 05:00:13,5,Cultivo2,1,Stationary
932,28.125,9.475781,5.109104,6.146469134584506,28.211872,10.364042756357964,13.64424,2.343143255796367,21.218144,7.988125011244127,photos/2025/03/27/photo_20250327_060002.jpg,2025-03-27 06:00:13,6,Cultivo2,1,Stationary
933,28.0625,9.508333,5.094304,5.441470185784721,27.657616,9.27920196981098,13.074096,2.3368702907059262,20.71744,7.149655085834561,photos/2025/03/27/photo_20250327_070002.jpg,2025-03-27 07:00:13,7,Cultivo2,1,Stationary
934,28.0625,9.290235,5.94832,5.375607020970191,28.234288,9.379375092886306,13.115936,2.380753069429923,21.1604,7.193364709230306,photos/2025/03/27/photo_20250327_080002.jpg,2025-03-27 08:00:13,8,Cultivo2,1,Stationary
935,28.0,9.479036,5.06312,4.969892968981927,27.278352,8.54767946077156,13.239808,2.2799929529715657,20.543712,6.567872810968252,photos/2025/03/27/photo_20250327_090002.jpg,2025-03-27 09:00:13,9,Cultivo2,1,Stationary
936,27.9375,9.407422,5.441808,5.559517736230005,29.226624,9.704418867846956,13.922112,2.3253639911067685,21.931216,7.427888311043994,photos/2025/03/27/photo_20250327_100002.jpg,2025-03-27 10:00:13,10,Cultivo2,1,Stationary
937,27.875,9.13073,7.088032,5.814725767428761,30.67456,9.890944990565863,16.32864,2.582803586604293,23.691232,7.599466713011907,photos/2025/03/27/photo_20250327_110002.jpg,2025-03-27 11:00:13,11,Cultivo2,1,Stationary
938,28.0,9.436719,8.948064,5.06941474239384,31.780736,8.513279232957416,17.45736,2.968370369732187,24.883504,6.591071284850741,photos/2025/03/27/photo_20250327_120002.jpg,2025-03-27 12:00:13,12,Cultivo2,1,Stationary
939,28.0,9.397656,7.049536,5.76084534639006,31.526448,9.837994333363683,16.667824,2.665256870304249,24.292368,7.568275427901392,photos/2025/03/27/photo_20250327_130002.jpg,2025-03-27 13:00:13,13,Cultivo2,1,Stationary
940,28.0,9.433464,8.332736,5.782816720324448,32.6792,9.958295404335022,17.376944,2.966604583409121,25.31944,7.655278315410878,photos/2025/03/27/photo_20250327_140002.jpg,2025-03-27 14:00:13,14,Cultivo2,1,Stationary
941,28.1875,9.466016,8.286384,4.788120324663531,30.172992,8.230887787349308,15.643888,2.8161846893526,23.323776,6.346390556987807,photos/2025/03/27/photo_20250327_150002.jpg,2025-03-27 15:00:13,15,Cultivo2,1,Stationary
942,28.1875,9.482292,5.9444,5.310489166807893,27.64712,9.157603382195584,13.349904,2.29791484611593,20.898736,7.0163946298867765,photos/2025/03/27/photo_20250327_160002.jpg,2025-03-27 16:00:13,16,Cultivo2,1,Stationary
943,28.3125,9.485547,5.514688,5.050381539012672,26.03984,8.71294099454369,12.15152,2.262266178559897,19.541216,6.683892072837802,photos/2025/03/27/photo_20250327_170002.jpg,2025-03-27 17:00:13,17,Cultivo2,1,Stationary
944,28.4375,9.560417,5.065776,4.565153432766965,22.995664,7.809884839042378,10.390464,2.1749798890619654,17.172256,5.993083335851755,photos/2025/03/27/photo_20250327_180002.jpg,2025-03-27 18:00:13,18,Cultivo2,1,Stationary
945,28.5,9.540886,4.78168,4.70108069533634,23.599264,8.013665494535195,10.999456,2.068205110137774,17.67616,6.144507112405355,photos/2025/03/27/photo_20250327_190002.jpg,2025-03-27 19:00:13,19,Cultivo2,1,Stationary
946,28.4375,9.619011,4.383616,4.632759759618019,22.992816,8.029136715123489,10.540608,2.0087903734695662,17.140064,6.135486131995084,photos/2025/03/27/photo_20250327_200002.jpg,2025-03-27 20:00:13,20,Cultivo2,1,Stationary
947,28.4375,9.485547,4.738256,4.5071501997674766,22.934208,7.884554484099656,10.212144,2.0495038615391774,17.041136,6.015932498748968,photos/2025/03/27/photo_20250327_210002.jpg,2025-03-27 21:00:13,21,Cultivo2,1,Stationary
948,28.375,9.557161,4.94768,4.616874733784316,22.655456,8.09332622795251,10.070112,2.087582002604928,16.859952,6.179399530512329,photos/2025/03/27/photo_20250327_220002.jpg,2025-03-27 22:00:13,22,Cultivo2,1,Stationary
949,28.4375,9.589714,4.827488,4.285545405035864,21.289776,7.431680151205647,9.345376,2.0945108282976244,15.8292,5.686381921749541,photos/2025/03/27/photo_20250327_230002.jpg,2025-03-27 23:00:13,23,Cultivo2,1,Stationary
950,28.375,9.59948,4.661776,4.765498155406632,22.573344,8.301171764134507,10.665104,2.037140281331652,16.957776,6.342697938087861,photos/2025/03/28/photo_20250328_000002.jpg,2025-03-28 00:00:13,0,Cultivo2,1,Stationary
951,28.375,9.53112,5.033776,5.234997364684723,22.077792,9.12899536667294,9.990912,2.2464254231609826,16.51384,6.990383140744147,photos/2025/03/28/photo_20250328_010002.jpg,2025-03-28 01:00:13,1,Cultivo2,1,Stationary
952,28.3125,9.550652,4.31752,5.275202198361689,21.798464,9.22975315166684,9.91392,2.0812758225665333,16.237232,7.048884803866212,photos/2025/03/28/photo_20250328_020002.jpg,2025-03-28 02:00:13,2,Cultivo2,1,Stationary
953,28.25,9.553906,4.728208,4.683349204210167,21.512752,8.136122748981604,9.613632,2.1405123472514704,16.034336,6.228001689073631,photos/2025/03/28/photo_20250328_030002.jpg,2025-03-28 03:00:13,3,Cultivo2,1,Stationary
954,28.125,9.466016,4.579552,3.985362483296093,20.368288,6.9710771010695325,8.937856,1.9767588318497529,15.139424,5.31819075891642,photos/2025/03/28/photo_20250328_040002.jpg,2025-03-28 04:00:13,4,Cultivo2,1,Stationary
955,27.9375,9.479036,4.226992,3.938519581333068,19.97592,6.892935234977912,8.979616,1.9849298808612863,14.871568,5.269781136003278,photos/2025/03/28/photo_20250328_050002.jpg,2025-03-28 05:00:13,5,Cultivo2,1,Stationary
956,27.9375,9.514844,4.470448,4.249417333543977,20.782704,7.339929049274523,9.217376,1.9775638243293183,15.45136,5.615579947823733,photos/2025/03/28/photo_20250328_060002.jpg,2025-03-28 06:00:13,6,Cultivo2,1,Stationary
957,27.8125,9.446485,2.62976,4.262109811262961,19.107872,6.7170073419355445,10.277856,1.593088303390619,14.579424,5.167437646283117,photos/2025/03/28/photo_20250328_065953.jpg,2025-03-28 07:00:05,0,Cultivo2,1,Stationary
958,27.8125,9.296745,2.525616,4.182683890472241,17.694656,6.386358981584421,9.923872,1.5058711168436694,13.640192,4.957739222986219,photos/2025/03/28/photo_20250328_070002.jpg,2025-03-28 07:00:13,7,Cultivo2,1,Stationary
959,27.6875,9.238152,2.731584,4.10742876367978,17.451888,6.32281244664556,9.712464,1.4706137667463883,13.449888,4.892973000891789,photos/2025/03/28/photo_20250328_080002.jpg,2025-03-28 08:00:13,8,Cultivo2,1,Stationary
960,27.6875,9.052605,2.754672,4.3348383713352,18.32992,6.505408272629782,10.50288,1.5057297806764665,14.204064,5.0780962854109015,photos/2025/03/28/photo_20250328_090002.jpg,2025-03-28 09:00:13,9,Cultivo2,1,Stationary
961,27.75,9.091667,3.057344,5.663333765020035,21.279184,7.711850121348573,15.781728,1.5881485023964226,17.554464,6.123452104222259,photos/2025/03/28/photo_20250328_100002.jpg,2025-03-28 10:00:13,10,Cultivo2,1,Stationary
962,27.6875,9.042839,3.419856,4.4090373619573695,24.983168,5.885461807180129,21.443808,1.6349265852826542,21.493312,4.678218813892313,photos/2025/03/28/photo_20250328_110002.jpg,2025-03-28 11:00:13,11,Cultivo2,1,Stationary
963,27.25,9.078646,4.221056,4.52386736074346,28.488544,6.449965950302683,21.39968,1.7195250055942777,23.576128,5.055640466609152,photos/2025/03/28/photo_20250328_120002.jpg,2025-03-28 12:00:13,12,Cultivo2,1,Stationary
964,27.25,9.221875,4.872304,4.830004042837231,30.202592,6.807928060837305,23.002224,1.840747058013132,25.129376,5.379653320672625,photos/2025/03/28/photo_20250328_130002.jpg,2025-03-28 13:00:13,13,Cultivo2,1,Stationary
965,27.25,9.254427,5.233376,4.9263826129995225,32.902688,6.895431703284139,25.660656,1.833658540356956,27.56256,5.446520196088509,photos/2025/03/28/photo_20250328_140002.jpg,2025-03-28 14:00:13,14,Cultivo2,1,Stationary
966,27.3125,9.348828,4.859344,4.697517331670422,30.785168,6.770673763502122,23.671216,1.8111233778138915,25.681072,5.306291824882608,photos/2025/03/28/photo_20250328_150002.jpg,2025-03-28 15:00:13,15,Cultivo2,1,Stationary
967,27.375,9.329297,3.427824,3.784483767503304,21.002784,6.0037635071131845,13.012752,1.4898773859026115,16.606512,4.588984985141703,photos/2025/03/28/photo_20250328_160002.jpg,2025-03-28 16:00:13,16,Cultivo2,1,Stationary
968,27.375,9.339063,2.940304,4.041054881876265,17.740256,6.40563666269513,9.707392,1.5008172399009814,13.631376,4.920452453446126,photos/2025/03/28/photo_20250328_170002.jpg,2025-03-28 17:00:13,17,Cultivo2,1,Stationary
969,27.3125,9.348828,2.77936,4.039477931416386,17.828208,6.803735996401977,9.58696,1.484767318605848,13.63744,5.14664067585838,photos/2025/03/28/photo_20250328_180002.jpg,2025-03-28 18:00:13,18,Cultivo2,1,Stationary
970,27.25,9.352083,2.64376,2.835584335846141,15.009072,5.2938059747988495,7.317952,1.379445200941306,11.285552,3.875450432568581,photos/2025/03/28/photo_20250328_190002.jpg,2025-03-28 19:00:13,19,Cultivo2,1,Stationary
971,27.1875,9.283724,2.495712,3.546225634910446,15.15976,6.399249701519702,8.085952,1.350175400848349,11.608032,4.729863537880982,photos/2025/03/28/photo_20250328_200002.jpg,2025-03-28 20:00:13,20,Cultivo2,1,Stationary
972,27.125,9.260938,2.753776,4.237557836029615,15.502832,7.398130032635004,7.954048,1.402933263496165,11.808432,5.555312205571888,photos/2025/03/28/photo_20250328_210002.jpg,2025-03-28 21:00:13,21,Cultivo2,1,Stationary
973,27.125,9.36836,2.563072,3.188595463023806,14.313952,5.545341300740289,7.152928,1.416148976208365,10.82808,4.12229396254076,photos/2025/03/28/photo_20250328_220002.jpg,2025-03-28 22:00:13,22,Cultivo2,1,Stationary
974,27.0625,9.277214,2.683776,3.39822535426949,15.740352,5.737180397729881,7.89304,1.4380550691207898,11.886784,4.317208141535916,photos/2025/03/28/photo_20250328_230002.jpg,2025-03-28 23:00:13,23,Cultivo2,1,Stationary
975,26.9375,9.228386,2.569888,2.9588442489593803,14.710592,5.48389815820243,7.13848,1.4073051081609844,11.056832,4.01860101574864,photos/2025/03/29/photo_20250329_000002.jpg,2025-03-29 00:00:13,0,Cultivo2,1,Stationary
976,26.8125,9.3,2.646704,3.3988134032547297,15.054208,6.057796752346186,7.862816,1.337172365996247,11.504432,4.472242877726566,photos/2025/03/29/photo_20250329_010002.jpg,2025-03-29 01:00:13,1,Cultivo2,1,Stationary
977,26.8125,9.238152,2.548752,3.291458255652652,15.00376,5.598774317866367,7.912464,1.384892502144481,11.453552,4.177927067732992,photos/2025/03/29/photo_20250329_020002.jpg,2025-03-29 02:00:13,2,Cultivo2,1,Stationary
978,26.6875,9.186068,2.632736,3.3658066647839413,14.775104,5.388578828335352,8.239536,1.4388318714512824,11.430384,4.104050878405871,photos/2025/03/29/photo_20250329_030002.jpg,2025-03-29 03:00:13,3,Cultivo2,1,Stationary
979,26.625,9.182813,2.586848,3.2448124466822423,13.207808,5.915702480275356,6.889184,1.3763115290136898,10.126912,4.347098957265178,photos/2025/03/29/photo_20250329_040002.jpg,2025-03-29 04:00:13,4,Cultivo2,1,Stationary
980,26.625,9.215364,2.53592,2.896139679769606,13.131488,5.328152297547058,6.867792,1.3788131684894804,10.064752,3.899130054062829,photos/2025/03/29/photo_20250329_050002.jpg,2025-03-29 05:00:13,5,Cultivo2,1,Stationary
981,26.625,9.14375,2.617472,2.821958792543931,13.087408,5.076152070371416,6.747072,1.3712389759688135,10.006624,3.729616082470688,photos/2025/03/29/photo_20250329_060002.jpg,2025-03-29 06:00:13,6,Cultivo2,1,Stationary
982,26.625,9.14375,2.645376,3.2338515296927284,14.542352,5.438198075474633,7.959648,1.4219542252210513,11.22528,4.077532700249012,photos/2025/03/29/photo_20250329_070002.jpg,2025-03-29 07:00:13,7,Cultivo2,1,Stationary
983,26.625,9.117708,2.878384,3.8113220267282575,14.688208,6.4742630274600375,8.178976,1.411589723873052,11.404736,4.867347200509124,photos/2025/03/29/photo_20250329_080002.jpg,2025-03-29 08:00:13,8,Cultivo2,1,Stationary
984,26.5625,9.13073,2.747264,3.723050629887271,15.04824,5.971880181517375,9.114464,1.428150032140881,11.863136,4.551566350774643,photos/2025/03/29/photo_20250329_090002.jpg,2025-03-29 09:00:13,9,Cultivo2,1,Stationary
985,26.625,9.124219,3.019568,3.6540545356499536,17.622656,5.878232005089966,10.781136,1.4845932417251535,13.886128,4.465660216319194,photos/2025/03/29/photo_20250329_100002.jpg,2025-03-29 10:00:13,10,Cultivo2,1,Stationary
986,26.625,9.182813,3.29856,3.776228892418467,19.711088,5.61356658963408,13.897008,1.5187830412537533,16.086864,4.355894241772177,photos/2025/03/29/photo_20250329_110002.jpg,2025-03-29 11:00:13,11,Cultivo2,1,Stationary
987,26.625,9.221875,4.36104,4.334139729623862,24.920272,6.051152241186466,19.850064,1.658607282752611,21.050656,4.789811892931079,photos/2025/03/29/photo_20250329_120002.jpg,2025-03-29 12:00:13,12,Cultivo2,1,Stationary
988,26.75,9.21211,4.725616,4.36167813503014,26.583328,5.69803197993974,21.77592,1.6628437751466612,22.66848,4.593712059935842,photos/2025/03/29/photo_20250329_130002.jpg,2025-03-29 13:00:13,13,Cultivo2,1,Stationary
989,26.875,9.195833,5.134,5.061262336794646,29.689248,6.483888431681717,24.804512,1.854269667551082,25.433184,5.2763289910831,photos/2025/03/29/photo_20250329_140002.jpg,2025-03-29 14:00:13,14,Cultivo2,1,Stationary
990,27.0625,9.267448,4.932144,4.8978222288425295,27.772112,6.402043662726458,22.649216,1.7913714196849295,23.641376,5.17913630122089,photos/2025/03/29/photo_20250329_150002.jpg,2025-03-29 15:00:13,15,Cultivo2,1,Stationary
991,27.125,9.326042,3.185584,3.310015988708212,17.692448,5.087717343494625,12.063136,1.467756989063244,14.354608,3.884747246132752,photos/2025/03/29/photo_20250329_160002.jpg,2025-03-29 16:00:13,16,Cultivo2,1,Stationary
992,27.125,9.264193,2.96032,3.1556583632579747,14.899296,4.998972964958302,8.84712,1.427386947397236,11.722016,3.798004330664198,photos/2025/03/29/photo_20250329_170002.jpg,2025-03-29 17:00:13,17,Cultivo2,1,Stationary
993,27.125,9.244661,2.79024,2.8382888407094864,14.111872,4.729677859602703,7.786448,1.3861258032372097,10.925808,3.5336756426044538,photos/2025/03/29/photo_20250329_180002.jpg,2025-03-29 18:00:13,18,Cultivo2,1,Stationary
994,27.1875,9.176302,2.48496,2.7171431067207337,12.046864,5.142338355797293,6.51376,1.3186105560020365,9.320336,3.72569360617644,photos/2025/03/29/photo_20250329_190002.jpg,2025-03-29 19:00:13,19,Cultivo2,1,Stationary
995,27.125,9.221875,2.494816,2.4489535397797977,11.379584,4.75712980555965,6.1616,1.31098326691991,8.82688,3.4208182450402123,photos/2025/03/29/photo_20250329_200002.jpg,2025-03-29 20:00:13,20,Cultivo2,1,Stationary
996,27.125,9.254427,2.761072,2.7982109583260515,12.891472,5.24292262704839,6.392448,1.3652433522328538,9.807872,3.79916396482384,photos/2025/03/29/photo_20250329_210002.jpg,2025-03-29 21:00:13,21,Cultivo2,1,Stationary
997,27.125,9.182813,2.519312,2.846053181794044,11.907984,5.1985995283099085,6.65808,1.3002749888604332,9.28672,3.797839338571341,photos/2025/03/29/photo_20250329_220002.jpg,2025-03-29 22:00:13,22,Cultivo2,1,Stationary
998,27.125,9.166536,2.43344,2.695967164713992,11.537152,4.691566447242967,6.771472,1.3248885864101931,9.087072,3.475592966216844,photos/2025/03/29/photo_20250329_230002.jpg,2025-03-29 23:00:13,23,Cultivo2,1,Stationary
999,27.0625,9.120964,2.7348,2.528350588348064,11.16112,4.772768624771161,6.08032,1.3261391178907285,8.708992,3.452259889396509,photos/2025/03/30/photo_20250330_000002.jpg,2025-03-30 00:00:13,0,Cultivo2,1,Stationary
1000,27.0,9.140495,2.43528,2.50965573487361,11.101328,4.794625807757682,6.250304,1.3172772379419602,8.687312,3.4718390248765854,photos/2025/03/30/photo_20250330_010002.jpg,2025-03-30 01:00:13,1,Cultivo2,1,Stationary
1001,27.0,9.075391,2.435792,2.687640779568579,11.963408,4.922053740618442,6.7252,1.3556597407668345,9.325872,3.613724870492496,photos/2025/03/30/photo_20250330_020002.jpg,2025-03-30 02:00:13,2,Cultivo2,1,Stationary
1002,26.9375,9.085156,2.424704,2.5380355346795285,11.709744,4.814038580491852,6.544448,1.3312049099909449,9.120672,3.4941365554906407,photos/2025/03/30/photo_20250330_030002.jpg,2025-03-30 03:00:13,3,Cultivo2,1,Stationary
1003,26.875,9.124219,2.58752,2.3240851344681843,10.56344,4.369013546145171,5.844912,1.2865225414270829,8.261312,3.138458863623355,photos/2025/03/30/photo_20250330_040002.jpg,2025-03-30 04:00:13,4,Cultivo2,1,Stationary
1004,26.875,9.072136,2.617968,2.4984176688968565,11.698656,4.643857856746264,6.430912,1.3391771917771005,9.111888,3.367350453317266,photos/2025/03/30/photo_20250330_050002.jpg,2025-03-30 05:00:13,5,Cultivo2,1,Stationary
1005,26.8125,9.072136,2.376608,2.290921333388818,10.579152,4.281875168766133,6.218832,1.2882198625762606,8.355824,3.1005079069442805,photos/2025/03/30/photo_20250330_060002.jpg,2025-03-30 06:00:13,6,Cultivo2,1,Stationary
1006,26.75,8.967969,2.52784,2.482897686494552,11.105408,4.575621613894226,6.37528,1.2870341620951635,8.738752,3.334811161444678,photos/2025/03/30/photo_20250330_070002.jpg,2025-03-30 07:00:13,7,Cultivo2,1,Stationary
1007,26.6875,9.010286,2.7724,2.353864255729289,12.096976,4.329950075396251,6.57784,1.3508716593370371,9.389504,3.1368568080140347,photos/2025/03/30/photo_20250330_080002.jpg,2025-03-30 08:00:13,8,Cultivo2,1,Stationary
1008,26.6875,9.033073,2.876048,3.242398379826884,13.435248,5.198410447290209,8.250864,1.3538729267165364,10.684288,3.939702264518983,photos/2025/03/30/photo_20250330_090002.jpg,2025-03-30 09:00:13,9,Cultivo2,1,Stationary
1009,26.75,8.977735,2.951472,2.999257252224957,14.126112,4.603025066568289,9.102176,1.399987511807159,11.359232,3.5312785744225845,photos/2025/03/30/photo_20250330_100002.jpg,2025-03-30 10:00:13,10,Cultivo2,1,Stationary
1010,26.75,8.951693,3.293008,3.5068491682557434,17.22352,5.286667646977631,12.447152,1.4906382230226085,14.204288,4.07845784740458,photos/2025/03/30/photo_20250330_110002.jpg,2025-03-30 11:00:13,11,Cultivo2,1,Stationary
1011,26.6875,9.003777,3.928464,3.804424983335064,21.333728,4.949855919318864,17.702224,1.566382648238929,18.262704,4.000611279340196,photos/2025/03/30/photo_20250330_120002.jpg,2025-03-30 12:00:13,12,Cultivo2,1,Stationary
1012,26.875,8.980989,4.800784,4.51214810094527,25.9696,5.43752626108601,22.798944,1.6768187097429468,22.65464,4.51751507694219,photos/2025/03/30/photo_20250330_130002.jpg,2025-03-30 13:00:13,13,Cultivo2,1,Stationary
1013,27.0,9.05586,4.440352,4.74659674053063,23.91464,6.194895452741717,20.234528,1.6794314859785142,20.629296,5.035426748984042,photos/2025/03/30/photo_20250330_140002.jpg,2025-03-30 14:00:13,14,Cultivo2,1,Stationary
1014,27.0625,9.072136,3.461088,3.5423880077845795,18.843056,4.538058679751067,15.049952,1.4648214417655143,15.97032,3.6620124382093513,photos/2025/03/30/photo_20250330_150002.jpg,2025-03-30 15:00:13,15,Cultivo2,1,Stationary
1015,27.125,8.971224,3.406736,3.059829246205742,15.42816,4.438133731018028,11.250992,1.4547432166207204,12.827536,3.432960263199095,photos/2025/03/30/photo_20250330_160002.jpg,2025-03-30 16:00:13,16,Cultivo2,1,Stationary
1016,27.125,9.101433,2.954544,2.3623304571680905,12.449936,4.13797312653236,6.659056,1.372891019733176,9.644208,3.02049334591818,photos/2025/03/30/photo_20250330_170002.jpg,2025-03-30 17:00:13,17,Cultivo2,1,Stationary
1017,27.125,9.091667,2.87784,2.310868406811604,11.46256,4.746325552087636,6.32992,1.3103545071468254,8.980288,3.3719020503353887,photos/2025/03/30/photo_20250330_180002.jpg,2025-03-30 18:00:13,18,Cultivo2,1,Stationary
1018,27.0625,9.114453,2.592528,2.359034313829284,11.273696,4.554410883921651,6.327776,1.2947148601974103,8.827632,3.268707584440064,photos/2025/03/30/photo_20250330_190002.jpg,2025-03-30 19:00:13,19,Cultivo2,1,Stationary
1019,27.125,9.111198,2.451072,2.128324955399433,9.391456,4.258834840665226,5.428832,1.2474061290598184,7.46752,3.0368116585656084,photos/2025/03/30/photo_20250330_200002.jpg,2025-03-30 20:00:13,20,Cultivo2,1,Stationary
1020,27.0625,9.120964,2.68824,2.101653105929711,10.488352,4.132080386935376,5.666656,1.2729201476919123,8.185056,2.9234764026521574,photos/2025/03/30/photo_20250330_210002.jpg,2025-03-30 21:00:13,21,Cultivo2,1,Stationary
1021,27.0625,9.120964,2.421536,2.3141264483204025,9.833088,4.670826520462518,5.679072,1.283134989275875,7.776064,3.3348866049543573,photos/2025/03/30/photo_20250330_220002.jpg,2025-03-30 22:00:13,22,Cultivo2,1,Stationary
1022,27.125,9.026563,2.431232,1.874655759657223,9.392064,3.808863061322105,5.634528,1.2143372522392617,7.501424,2.685191608102484,photos/2025/03/30/photo_20250330_230002.jpg,2025-03-30 23:00:13,23,Cultivo2,1,Stationary
1023,27.0625,9.010286,2.549504,2.1315352529104463,10.071504,4.372352133346993,5.49216,1.264138186269207,7.85552,3.0700080666995,photos/2025/03/31/photo_20250331_000002.jpg,2025-03-31 00:00:13,0,Cultivo2,1,Stationary
1024,27.0,9.000521,2.386064,1.88833397290204,9.545824,3.851490641430146,5.561472,1.2151948765132283,7.581904,2.7052770162746733,photos/2025/03/31/photo_20250331_010002.jpg,2025-03-31 01:00:13,1,Cultivo2,1,Stationary
1025,26.9375,9.098177,2.406592,2.2807651636203143,9.619856,4.579088396096323,5.622304,1.221472449765446,7.646512,3.288319667224584,photos/2025/03/31/photo_20250331_020002.jpg,2025-03-31 02:00:13,2,Cultivo2,1,Stationary
1026,26.8125,9.036328,2.506464,2.0974352206216045,9.705008,4.514595410436687,5.489536,1.2741264523994469,7.656816,3.1551457560854463,photos/2025/03/31/photo_20250331_030002.jpg,2025-03-31 03:00:13,3,Cultivo2,1,Stationary
1027,26.8125,9.072136,2.556336,1.900725003503664,9.374176,3.9512378213699058,5.215584,1.2586509663540566,7.396672,2.7722329130893746,photos/2025/03/31/photo_20250331_040002.jpg,2025-03-31 04:00:13,4,Cultivo2,1,Stationary
1028,26.8125,9.042839,2.405456,1.8757005728463163,9.01512,3.801765298594852,5.509968,1.210820148520828,7.254304,2.6859995300788864,photos/2025/03/31/photo_20250331_050002.jpg,2025-03-31 05:00:13,5,Cultivo2,1,Stationary
1029,26.875,9.003777,2.3824,1.8267941038485973,9.309152,3.780049872805384,5.539488,1.1991906604039242,7.419408,2.638129816657248,photos/2025/03/31/photo_20250331_060002.jpg,2025-03-31 06:00:13,6,Cultivo2,1,Stationary
1030,26.75,7.438021,2.627664,2.975121854569322,10.683376,3.990836158328728,7.900592,1.333256878138643,8.9564,3.111347463720502,photos/2025/03/31/photo_20250331_070002.jpg,2025-03-31 07:00:13,7,Cultivo2,1,Stationary
1031,27.0,7.734245,2.475248,1.9435522446654216,9.506496,4.058599487752395,5.603984,1.2162020138513174,7.574096,2.8388219005045032,photos/2025/03/31/photo_20250331_080002.jpg,2025-03-31 08:00:13,8,Cultivo2,1,Stationary
1032,27.1875,7.854688,2.668992,2.886587404293173,10.915056,3.8232845194758913,7.866624,1.3309852380608884,9.072096,2.960781343967163,photos/2025/03/31/photo_20250331_090002.jpg,2025-03-31 09:00:13,9,Cultivo2,1,Stationary
1033,27.3125,7.877474,2.649968,1.7782037999554494,8.669328,3.6203579972726456,5.296768,1.1851437039346748,7.028,2.53465895141733,photos/2025/03/31/photo_20250331_100002.jpg,2025-03-31 10:00:13,10,Cultivo2,1,Stationary
1034,27.4375,7.532422,2.663552,1.7127204073052904,8.742512,3.654514458838,5.28008,1.1943277369700498,7.0768,2.5269534542606835,photos/2025/03/31/photo_20250331_110002.jpg,2025-03-31 11:00:13,11,Cultivo2,1,Stationary
1035,27.5625,7.620313,2.713632,1.932974050110348,9.719536,4.006332480549261,5.92904,1.2413192049493151,7.81952,2.7941887856048666,photos/2025/03/31/photo_20250331_120002.jpg,2025-03-31 12:00:13,12,Cultivo2,1,Stationary
1036,27.625,7.786328,2.613616,1.6418710396909986,8.652656,3.596590628034277,5.242032,1.1744494048463732,6.996448,2.46868130452191,photos/2025/03/31/photo_20250331_130002.jpg,2025-03-31 13:00:13,13,Cultivo2,1,Stationary
1037,27.75,7.773308,2.927712,1.875227527101712,9.370112,3.74341142642056,5.79096,1.216351283575596,7.61864,2.6246318885512308,photos/2025/03/31/photo_20250331_140002.jpg,2025-03-31 14:00:13,14,Cultivo2,1,Stationary
1038,27.9375,7.831902,2.72768,1.6893430822849451,9.705616,3.608076781409176,5.710656,1.2352108393306789,7.746992,2.466856086587947,photos/2025/03/31/photo_20250331_150002.jpg,2025-03-31 15:00:13,15,Cultivo2,1,Stationary
1039,28.0,8.027214,2.592816,1.7371351272068618,8.481632,3.899398750650669,5.139232,1.1884011065898583,6.868736,2.684501026690808,photos/2025/03/31/photo_20250331_160002.jpg,2025-03-31 16:00:13,16,Cultivo2,1,Stationary
1040,28.1875,8.010938,2.613312,1.566390468285606,7.497536,3.0776214726155,4.596192,1.1471461941077954,6.152384,2.219746633412021,photos/2025/03/31/photo_20250331_170002.jpg,2025-03-31 17:00:13,17,Cultivo2,1,Stationary
1041,28.3125,7.854688,2.48936,1.5080124770624417,7.152576,3.262664028707829,4.412032,1.1264665065593384,5.884656,2.31452279350712,photos/2025/03/31/photo_20250331_180002.jpg,2025-03-31 18:00:13,18,Cultivo2,1,Stationary
1042,28.375,7.7375,2.451872,1.4663410280340654,6.75744,2.831019012016698,4.393248,1.086147179536917,5.656976,2.067844901201248,photos/2025/03/31/photo_20250331_190002.jpg,2025-03-31 19:00:13,19,Cultivo2,1,Stationary
1043,28.5,7.883985,2.485904,1.3871676947564775,6.70088,2.648588912156811,4.349568,1.0582746821047928,5.601408,1.9372817083573568,photos/2025/03/31/photo_20250331_200002.jpg,2025-03-31 20:00:13,20,Cultivo2,1,Stationary
1044,28.5,9.208855,2.433984,1.3223971345159518,7.06168,2.706091568591129,4.261568,1.0524988777875253,5.786832,1.94371587526984,photos/2025/03/31/photo_20250331_210002.jpg,2025-03-31 21:00:13,21,Cultivo2,1,Stationary
1045,28.5625,9.462761,2.41952,1.4247445491736404,7.02064,2.953889298941313,4.39736,1.1007211134524495,5.798384,2.1069577567060995,photos/2025/03/31/photo_20250331_220002.jpg,2025-03-31 22:00:13,22,Cultivo2,1,Stationary
1046,28.5625,9.326042,2.388384,1.3595720055958789,6.924576,2.811958609265791,4.16296,1.0716593995034058,5.675888,2.0311158045409425,photos/2025/03/31/photo_20250331_230002.jpg,2025-03-31 23:00:13,23,Cultivo2,1,Stationary
1047,28.5625,9.387891,2.53992,1.3293104377834395,6.901456,2.755137942111792,4.1224,1.0641759222985645,5.65088,1.9991366200437628,photos/2025/04/01/photo_20250401_000002.jpg,2025-04-01 00:00:13,0,Cultivo2,1,Stationary
1048,28.5625,9.322786,2.504496,1.33784569714747,6.523792,2.6174051923108888,4.063568,1.0826466579563252,5.413376,1.9231974112461776,photos/2025/04/01/photo_20250401_010002.jpg,2025-04-01 01:00:13,1,Cultivo2,1,Stationary
1049,28.5,9.37487,2.393488,1.296040178735212,5.786896,2.3669209292209152,3.766848,1.058179187971489,4.840576,1.7689838858011115,photos/2025/04/01/photo_20250401_020002.jpg,2025-04-01 02:00:13,2,Cultivo2,1,Stationary
1050,28.4375,9.348828,2.486352,1.3747055957345922,6.599008,2.881483891319887,4.013584,1.085507131296704,5.445632,2.0939159774394005,photos/2025/04/01/photo_20250401_030002.jpg,2025-04-01 03:00:13,3,Cultivo2,1,Stationary
1051,28.375,9.306511,2.174176,1.3444809367127524,5.672368,2.444108277588372,4.125104,1.0733418472341418,4.91576,1.8003087575191097,photos/2025/04/01/photo_20250401_040002.jpg,2025-04-01 04:00:13,4,Cultivo2,1,Stationary
1052,28.3125,9.290235,2.5336,1.3549818621132903,6.243056,2.6538085426164413,3.819312,1.1075771034108643,5.132304,1.95696490811256,photos/2025/04/01/photo_20250401_050002.jpg,2025-04-01 05:00:13,5,Cultivo2,1,Stationary
1053,28.1875,9.313021,2.330496,1.2060577763938176,5.503952,2.153233935664214,3.9392,1.046680655206735,4.755488,1.5965330819798254,photos/2025/04/01/photo_20250401_060002.jpg,2025-04-01 06:00:13,6,Cultivo2,1,Stationary
1054,28.1875,9.322786,2.278288,1.2830590111074394,5.857008,2.30605838779854,4.165504,1.0623953073390338,5.0412,1.7024260806272913,photos/2025/04/01/photo_20250401_070002.jpg,2025-04-01 07:00:13,7,Cultivo2,1,Stationary
1055,28.0625,9.091667,2.569056,1.3521216145066244,6.47984,2.797329007178097,4.497328,1.1165156823188829,5.549376,1.9918579293272904,photos/2025/04/01/photo_20250401_080002.jpg,2025-04-01 08:00:13,8,Cultivo2,1,Stationary
1056,28.0,9.231641,2.44424,1.4031784171658286,6.872112,2.4835161886841,4.86464,1.0975804400589506,5.8628,1.807657091375464,photos/2025/04/01/photo_20250401_090002.jpg,2025-04-01 09:00:13,9,Cultivo2,1,Stationary
1057,28.0,9.3,2.480704,1.407720173648158,6.569504,2.8560086123791715,4.727552,1.125171837713689,5.65992,2.0171290473343544,photos/2025/04/01/photo_20250401_100002.jpg,2025-04-01 10:00:13,10,Cultivo2,1,Stationary
1058,28.0,9.264193,2.65384,1.3118696505003842,6.507664,2.475303064900135,4.672064,1.0847143653515428,5.630064,1.7759626561118902,photos/2025/04/01/photo_20250401_110002.jpg,2025-04-01 11:00:13,11,Cultivo2,1,Stationary
1059,27.9375,9.238152,2.847184,1.6264379423808335,7.9208,3.3619279230822303,5.577328,1.1601893251293085,6.716448,2.319858242069114,photos/2025/04/01/photo_20250401_120002.jpg,2025-04-01 12:00:13,12,Cultivo2,1,Stationary
1060,28.125,9.270703,2.970384,1.537725300701006,8.334032,2.424816410158922,5.792672,1.1214146835778458,7.03304,1.7625925105934157,photos/2025/04/01/photo_20250401_130002.jpg,2025-04-01 13:00:13,13,Cultivo2,1,Stationary
1061,28.25,9.264193,3.040528,1.3943007509371856,7.585616,2.4417006164851576,5.259456,1.0887081708226498,6.4768,1.7647361729165072,photos/2025/04/01/photo_20250401_140002.jpg,2025-04-01 14:00:13,14,Cultivo2,1,Stationary
1062,28.4375,9.329297,2.769728,1.4023833427419194,7.181456,2.3750270988062434,5.1264,1.0814207349667382,6.169168,1.7338714449970043,photos/2025/04/01/photo_20250401_150002.jpg,2025-04-01 15:00:13,15,Cultivo2,1,Stationary
1063,28.5,9.303255,2.345952,1.442142305455325,5.989216,2.81211303210664,4.304896,1.1189411127025406,5.191216,2.046396941295604,photos/2025/04/01/photo_20250401_160002.jpg,2025-04-01 16:00:13,16,Cultivo2,1,Stationary
1064,28.5625,9.430208,2.384448,1.4055080197565577,6.421488,2.9801415848674035,4.42008,1.087621135918202,5.4748,2.111550368804874,photos/2025/04/01/photo_20250401_170002.jpg,2025-04-01 17:00:13,17,Cultivo2,1,Stationary
1065,28.6875,9.348828,2.244944,1.174251007006594,5.059152,2.0924332823045995,3.809888,1.033604584386118,4.46176,1.5563732529184635,photos/2025/04/01/photo_20250401_180002.jpg,2025-04-01 18:00:13,18,Cultivo2,1,Stationary
1066,28.75,9.488802,2.190976,1.38461985573514,5.934656,3.0309526821882256,3.983152,1.0497581471100854,5.017968,2.1444582418354527,photos/2025/04/01/photo_20250401_190002.jpg,2025-04-01 19:00:13,19,Cultivo2,1,Stationary
1067,28.875,9.394402,2.210048,1.2247969249863424,5.194,2.34654043221079,3.729888,1.043904132425962,4.499056,1.7139378952762554,photos/2025/04/01/photo_20250401_200002.jpg,2025-04-01 20:00:13,20,Cultivo2,1,Stationary
1068,28.9375,9.472527,2.12888,1.2661334930188046,5.262496,2.211495387737447,3.866816,1.0330140103599756,4.581104,1.6474750805957583,photos/2025/04/01/photo_20250401_210002.jpg,2025-04-01 21:00:13,21,Cultivo2,1,Stationary
1069,28.875,9.452995,2.096944,1.3094864190208313,5.47368,2.2930632912329307,4.12072,1.0687384436165848,4.79544,1.7099506444339263,photos/2025/04/01/photo_20250401_220002.jpg,2025-04-01 22:00:13,22,Cultivo2,1,Stationary
1070,28.9375,9.44323,2.239872,1.1484246396242117,5.069296,1.8482029283560828,3.631152,1.0273214801686958,4.369904,1.403864320646408,photos/2025/04/01/photo_20250401_230002.jpg,2025-04-01 23:00:13,23,Cultivo2,1,Stationary
1071,28.875,9.426953,2.224784,1.154986905110183,5.094208,1.902231545510693,3.832032,1.0505237519180612,4.472448,1.4397975160750904,photos/2025/04/02/photo_20250402_000002.jpg,2025-04-02 00:00:13,0,Cultivo2,1,Stationary
1072,28.9375,9.397656,2.3472,1.1279714352127894,5.072144,1.8176631270023609,3.718688,1.048028701897043,4.409712,1.3815672539026105,photos/2025/04/02/photo_20250402_010002.jpg,2025-04-02 01:00:13,1,Cultivo2,1,Stationary
1073,28.875,9.45625,2.266544,1.20854780310255,5.230128,2.083570278060234,3.735296,1.0439512900820611,4.519072,1.5690112360387989,photos/2025/04/02/photo_20250402_020002.jpg,2025-04-02 02:00:13,2,Cultivo2,1,Stationary
1074,28.75,9.436719,2.037216,1.1927615268376155,4.78704,1.9995339553005844,3.687936,1.0363585139052989,4.242672,1.5121396431599827,photos/2025/04/02/photo_20250402_030002.jpg,2025-04-02 03:00:13,3,Cultivo2,1,Stationary
1075,28.6875,9.371614,2.1668,1.075151737012037,4.758784,1.7522165509274246,3.57632,1.022750096553405,4.177872,1.317376769043693,photos/2025/04/02/photo_20250402_040002.jpg,2025-04-02 04:00:13,4,Cultivo2,1,Stationary
1076,28.6875,9.371614,2.316736,1.1498267789123715,4.994896,2.1149501056015483,3.494864,1.0479228532215528,4.283104,1.564939655444899,photos/2025/04/02/photo_20250402_050002.jpg,2025-04-02 05:00:13,5,Cultivo2,1,Stationary
1077,28.5625,9.355339,2.373648,1.1612658131952391,4.769728,1.8773169167767068,3.647152,1.0793568326072709,4.218288,1.4283803236729355,photos/2025/04/02/photo_20250402_060002.jpg,2025-04-02 06:00:13,6,Cultivo2,1,Stationary
1078,28.5,9.400911,2.106848,1.0778630462614442,4.750608,1.664412097509508,3.672752,1.01090430056262,4.210128,1.27124121378124,photos/2025/04/02/photo_20250402_070002.jpg,2025-04-02 07:00:13,7,Cultivo2,1,Stationary
1079,28.375,9.137239,2.378384,1.0841219374664457,4.905856,1.744128695728615,3.544448,1.025472353866256,4.244688,1.322173885181522,photos/2025/04/02/photo_20250402_080002.jpg,2025-04-02 08:00:13,8,Cultivo2,1,Stationary
1080,28.375,9.036328,2.38568,1.132039504611036,5.077408,1.7176705160000854,4.1884,1.071643101783425,4.621152,1.3256463302464951,photos/2025/04/02/photo_20250402_090002.jpg,2025-04-02 09:00:13,9,Cultivo2,1,Stationary
1081,28.4375,9.065625,2.21208,1.128395430150264,4.905888,1.7044620651267075,4.082096,1.0869250542700726,4.476784,1.3194987750445244,photos/2025/04/02/photo_20250402_100002.jpg,2025-04-02 10:00:13,10,Cultivo2,1,Stationary
1082,27.9375,9.251172,2.121312,1.1449282565750571,5.233696,1.8240992789823696,4.124464,1.1340138441200796,4.661792,1.3750866695361426,photos/2025/04/02/photo_20250402_101123.jpg,2025-04-02 10:11:35,0,Cultivo2,1,Stationary
1083,28.0625,9.449739,4.244976,1.369199124416898,7.703776,2.560055339601861,4.278736,1.4072053010929144,6.219456,1.9707945260894144,photos/2025/04/02/photo_20250402_110002.jpg,2025-04-02 11:00:13,11,Cultivo2,1,Stationary
1084,28.1875,9.423698,4.968096,1.3992585102917905,9.209168,2.75625411523974,4.634624,1.578426474304077,7.316896,2.058463729382668,photos/2025/04/02/photo_20250402_120002.jpg,2025-04-02 12:00:13,12,Cultivo2,1,Stationary
1085,28.375,9.37487,5.455216,1.3756555941077695,8.590672,2.630617149722856,4.49808,1.6132831101031215,6.948464,1.988072443525135,photos/2025/04/02/photo_20250402_130002.jpg,2025-04-02 13:00:13,13,Cultivo2,1,Stationary
1086,28.5625,9.365105,5.28448,1.4146633713163002,8.766704,2.8601295383922736,4.590816,1.5989293697971778,7.056288,2.1214409397991734,photos/2025/04/02/photo_20250402_140002.jpg,2025-04-02 14:00:13,14,Cultivo2,1,Stationary
1087,28.75,9.452995,4.599056,1.2901622963704993,7.935616,2.4841221186857942,4.417968,1.474485642135589,6.4252,1.892897503828456,photos/2025/04/02/photo_20250402_150002.jpg,2025-04-02 15:00:13,15,Cultivo2,1,Stationary
1088,28.875,9.378125,4.642832,1.4132162137535786,8.113904,3.039194939253486,4.312928,1.515202633239528,6.48312,2.274974080203992,photos/2025/04/02/photo_20250402_160002.jpg,2025-04-02 16:00:13,16,Cultivo2,1,Stationary
1089,29.0,9.540886,4.62848,1.3342182455595488,7.450576,2.399020897829779,4.157904,1.5406456080487816,6.039968,1.8758940692309896,photos/2025/04/02/photo_20250402_170002.jpg,2025-04-02 17:00:13,17,Cultivo2,1,Stationary
1090,29.0625,9.521355,3.952656,1.3630490429093152,6.799376,2.826665528608576,3.830432,1.3763773267763455,5.456528,2.143585357576413,photos/2025/04/02/photo_20250402_180002.jpg,2025-04-02 18:00:13,18,Cultivo2,1,Stationary
1091,29.125,9.592969,4.324512,1.3386550002147677,7.341616,2.505849658009036,4.06352,1.4533836251506345,5.926624,1.941411847760284,photos/2025/04/02/photo_20250402_190002.jpg,2025-04-02 19:00:13,19,Cultivo2,1,Stationary
1092,29.125,9.589714,3.743104,1.1963338788548956,5.506464,2.2574618970658173,2.861952,1.2920636382098212,4.306528,1.8071393375210445,photos/2025/04/02/photo_20250402_200002.jpg,2025-04-02 20:00:13,20,Cultivo2,1,Stationary
1093,29.125,9.645052,3.689536,1.244694543090794,5.63248,2.079715617482352,2.97288,1.324318732293703,4.437088,1.7088271066014842,photos/2025/04/02/photo_20250402_210002.jpg,2025-04-02 21:00:13,21,Cultivo2,1,Stationary
1094,29.0625,9.472527,3.606816,1.213103111356986,5.292976,1.7782972370849597,2.953904,1.3006822602557475,4.202288,1.51843852857335,photos/2025/04/02/photo_20250402_220002.jpg,2025-04-02 22:00:13,22,Cultivo2,1,Stationary
1095,29.125,9.573438,3.409856,1.148709924045231,5.13624,1.5339826147645872,2.93152,1.1952380763948245,4.086784,1.34850010654208,photos/2025/04/02/photo_20250402_230002.jpg,2025-04-02 23:00:13,23,Cultivo2,1,Stationary
1096,29.0,9.658073,3.539136,1.1288560245770936,5.075648,1.6446681671680767,2.777424,1.1782242458479626,3.994528,1.4156504007755586,photos/2025/04/03/photo_20250403_000002.jpg,2025-04-03 00:00:13,0,Cultivo2,1,Stationary
1097,28.9375,9.570183,3.400784,1.201072424793776,5.26464,1.8525176572437847,2.93048,1.2055986833702166,4.170976,1.549993292702907,photos/2025/04/03/photo_20250403_010002.jpg,2025-04-03 01:00:13,1,Cultivo2,1,Stationary
1098,28.9375,9.566927,3.384176,1.1285604281561534,4.939584,1.501305400957447,2.7856,1.186312269608639,3.90448,1.320349926951185,photos/2025/04/03/photo_20250403_020002.jpg,2025-04-03 02:00:13,2,Cultivo2,1,Stationary
1099,28.8125,9.553906,3.650528,1.148457193532262,5.142544,1.6395564058805665,2.807568,1.295424764784123,4.058848,1.421872326510366,photos/2025/04/03/photo_20250403_030002.jpg,2025-04-03 03:00:13,3,Cultivo2,1,Stationary
1100,28.6875,9.52461,3.457344,1.072324130102461,4.93984,1.640496502404074,2.6736,1.1889846364289154,3.870752,1.398650404674449,photos/2025/04/03/photo_20250403_040002.jpg,2025-04-03 04:00:13,4,Cultivo2,1,Stationary
1101,28.625,9.505078,3.63072,1.124603365344422,5.13288,1.5465131443347,2.857216,1.2257831299214392,4.062832,1.362845603792301,photos/2025/04/03/photo_20250403_050002.jpg,2025-04-03 05:00:13,5,Cultivo2,1,Stationary
1102,28.5625,9.498568,3.440224,0.9801361976868316,4.715616,1.245300662709211,2.590272,1.1229794431885205,3.693648,1.1283919762635677,photos/2025/04/03/photo_20250403_060002.jpg,2025-04-03 06:00:13,6,Cultivo2,1,Stationary
1103,28.4375,9.436719,3.670624,1.1554585567712934,5.195728,1.7189329684475774,2.788672,1.2940693376415346,4.095152,1.4662230720105314,photos/2025/04/03/photo_20250403_070002.jpg,2025-04-03 07:00:13,7,Cultivo2,1,Stationary
1104,28.375,9.221875,5.325344,1.715842185750193,8.562768,2.571470431130018,5.09456,1.8372782265253127,7.08216,2.1156071786605377,photos/2025/04/03/photo_20250403_080002.jpg,2025-04-03 08:00:13,8,Cultivo2,1,Stationary
1105,28.25,9.482292,3.93048,1.3042129387856878,6.035296,2.137340916275174,3.451952,1.37344492776376,4.86408,1.7496713273069318,photos/2025/04/03/photo_20250403_090002.jpg,2025-04-03 09:00:13,9,Cultivo2,1,Stationary
1106,28.3125,9.433464,4.240752,1.3555512899127056,6.574576,2.077164995907644,3.873696,1.4527788801108033,5.369632,1.7238968021827756,photos/2025/04/03/photo_20250403_100002.jpg,2025-04-03 10:00:13,10,Cultivo2,1,Stationary
1107,28.3125,9.430208,4.436176,1.3127203270399983,6.621824,2.192311773681836,3.643824,1.472806333848412,5.33976,1.7940086795776655,photos/2025/04/03/photo_20250403_110002.jpg,2025-04-03 11:00:13,11,Cultivo2,1,Stationary
1108,28.375,9.417188,4.506128,1.29334426404728,6.707024,2.2404725089641246,3.750784,1.4197726746264698,5.422048,1.807739883306224,photos/2025/04/03/photo_20250403_120002.jpg,2025-04-03 12:00:13,12,Cultivo2,1,Stationary
1109,28.4375,9.53763,3.650432,1.2885884686989868,5.608896,2.1561070616237963,3.155344,1.2677831886312425,4.468304,1.7640780491758294,photos/2025/04/03/photo_20250403_130002.jpg,2025-04-03 13:00:13,13,Cultivo2,1,Stationary
1110,28.5625,9.488802,3.985152,1.278418340394098,5.487824,1.8101303116140564,3.164288,1.3672876569676184,4.413744,1.5635753587416246,photos/2025/04/03/photo_20250403_140002.jpg,2025-04-03 14:00:13,14,Cultivo2,1,Stationary
1111,28.6875,9.459505,3.93632,1.3364794364658217,5.968736,2.228473594706476,3.251648,1.3765612436793355,4.755248,1.8361656947280112,photos/2025/04/03/photo_20250403_150002.jpg,2025-04-03 15:00:13,15,Cultivo2,1,Stationary
1112,28.75,9.570183,3.503344,1.1103859369714657,4.857968,1.441156102223489,2.729824,1.1722136399411158,3.837232,1.2812191764784042,photos/2025/04/03/photo_20250403_160002.jpg,2025-04-03 16:00:13,16,Cultivo2,1,Stationary
1113,28.875,9.615755,3.425872,1.109406986067782,4.9836,1.8881957101953173,2.606208,1.1210249950897615,3.872176,1.5508646056390611,photos/2025/04/03/photo_20250403_170002.jpg,2025-04-03 17:00:13,17,Cultivo2,1,Stationary
1114,28.875,9.521355,3.58872,1.16579056298119,5.08632,1.6784817120242923,2.770208,1.2739045339427912,4.00776,1.4587295096761428,photos/2025/04/03/photo_20250403_180002.jpg,2025-04-03 18:00:13,18,Cultivo2,1,Stationary
1115,29.0,9.557161,3.492032,1.0762643536678151,4.807152,1.456695455095539,2.639968,1.1762246855834984,3.773632,1.2958478030139189,photos/2025/04/03/photo_20250403_190002.jpg,2025-04-03 19:00:13,19,Cultivo2,1,Stationary
1116,28.9375,9.609245,3.372192,0.97869146324263,4.617712,1.2032688332438433,2.544576,1.155051996723957,3.613088,1.1034324194331069,photos/2025/04/03/photo_20250403_200002.jpg,2025-04-03 20:00:13,20,Cultivo2,1,Stationary
1117,29.0,9.632031,3.422752,0.9259431793884548,4.5108,1.173001005967173,2.434112,1.108642749715164,3.502992,1.0627695177864296,photos/2025/04/03/photo_20250403_210002.jpg,2025-04-03 21:00:13,21,Cultivo2,1,Stationary
1118,28.9375,9.596224,3.509728,1.1024185593793312,4.784096,1.4675072275065633,2.648544,1.2264751795352404,3.760768,1.2988918546884494,photos/2025/04/03/photo_20250403_220002.jpg,2025-04-03 22:00:13,22,Cultivo2,1,Stationary
1119,29.0,9.586458,3.294368,0.8744484757285589,4.507584,1.1817370616782736,2.383536,1.0341854188567927,3.48592,1.0523163752408302,photos/2025/04/03/photo_20250403_230002.jpg,2025-04-03 23:00:13,23,Cultivo2,1,Stationary
1120,28.875,9.622266,3.336304,0.9673977327738577,4.66336,1.282666562439358,2.539568,1.062542055442513,3.638928,1.1403065424770655,photos/2025/04/04/photo_20250404_000002.jpg,2025-04-04 00:00:13,0,Cultivo2,1,Stationary
1121,28.9375,9.68086,3.426736,0.9477110700967885,4.609712,1.1004922885036497,2.545296,1.1279257007019567,3.60624,1.036421276508737,photos/2025/04/04/photo_20250404_010002.jpg,2025-04-04 01:00:13,1,Cultivo2,1,Stationary
1122,28.875,9.547396,3.51024,0.951351063395632,4.618896,1.2080760494207308,2.501776,1.1849620847942772,3.606128,1.1040366151609284,photos/2025/04/04/photo_20250404_020002.jpg,2025-04-04 02:00:13,2,Cultivo2,1,Stationary
1123,28.8125,9.592969,3.219728,0.830266725490068,4.355056,1.0044218420882731,2.351888,0.9830359128821288,3.370144,0.9180944500779862,photos/2025/04/04/photo_20250404_030002.jpg,2025-04-04 03:00:13,3,Cultivo2,1,Stationary
1124,28.6875,9.560417,3.31584,0.8983192560687988,4.479616,1.1171465850746711,2.431776,1.0783047316969356,3.479904,1.01665930910212,photos/2025/04/04/photo_20250404_040002.jpg,2025-04-04 04:00:13,4,Cultivo2,1,Stationary
1125,28.625,9.638542,3.250256,0.8675598804555221,4.4564,1.0524044089607378,2.424768,1.0466919004482649,3.46216,0.963373309989435,photos/2025/04/04/photo_20250404_050002.jpg,2025-04-04 05:00:13,5,Cultivo2,1,Stationary
1126,28.5625,9.505078,3.234144,1.0591899798921816,4.757424,1.3748559503540727,2.719136,1.0847417145403784,3.77208,1.2172906282396163,photos/2025/04/04/photo_20250404_060002.jpg,2025-04-04 06:00:13,6,Cultivo2,1,Stationary
1127,28.4375,9.514844,3.175728,0.8235768170025185,4.383888,0.9377281074256012,2.410864,0.9766799219887752,3.411632,0.8752320244232382,photos/2025/04/04/photo_20250404_070002.jpg,2025-04-04 07:00:13,7,Cultivo2,1,Stationary
1128,28.3125,9.3,3.25,0.939439001821832,4.546176,1.246381874476679,2.471184,1.0276088750103318,3.536672,1.1041372941876386,photos/2025/04/04/photo_20250404_080002.jpg,2025-04-04 08:00:13,8,Cultivo2,1,Stationary
1129,28.3125,9.260938,3.519008,0.9007653670074134,4.625104,1.226068916979792,2.51256,1.1568399612461526,3.6164,1.100663000195791,photos/2025/04/04/photo_20250404_090002.jpg,2025-04-04 09:00:13,9,Cultivo2,1,Stationary
1130,28.1875,9.176302,3.454016,0.9334132832652424,4.57752,1.2028061562862071,2.495568,1.195356629522755,3.57432,1.0955165619925606,photos/2025/04/04/photo_20250404_100002.jpg,2025-04-04 10:00:13,10,Cultivo2,1,Stationary
1131,28.1875,9.176302,3.604336,1.0619058623136046,4.868592,1.3071969773282066,2.797328,1.2244484468951724,3.868464,1.1958036129331606,photos/2025/04/04/photo_20250404_110002.jpg,2025-04-04 11:00:13,11,Cultivo2,1,Stationary
1132,28.1875,9.156771,4.471504,1.25383697813711,5.904528,1.7877776979300306,3.526016,1.4666765076130457,4.828848,1.548543506943218,photos/2025/04/04/photo_20250404_120002.jpg,2025-04-04 12:00:13,12,Cultivo2,1,Stationary
1133,28.3125,9.339063,4.370336,1.3141318266658029,6.136032,1.790997290611016,3.720512,1.47078320873744,5.038144,1.5598926358131189,photos/2025/04/04/photo_20250404_130002.jpg,2025-04-04 13:00:13,13,Cultivo2,1,Stationary
1134,28.375,9.371614,4.755472,1.2870084216911717,6.528384,1.884142868400377,3.792864,1.560911931281198,5.35128,1.598852826747978,photos/2025/04/04/photo_20250404_140002.jpg,2025-04-04 14:00:13,14,Cultivo2,1,Stationary
1135,28.5,9.459505,4.534928,1.286987290715802,6.306176,1.9345904623521744,3.554256,1.4967204264043434,5.117136,1.64290205353332,photos/2025/04/04/photo_20250404_150002.jpg,2025-04-04 15:00:13,15,Cultivo2,1,Stationary
1136,28.5,9.466016,3.486096,0.9669472908571596,4.61608,1.1285590075844507,2.583552,1.15113104327179,3.63064,1.0621512088210416,photos/2025/04/04/photo_20250404_160002.jpg,2025-04-04 16:00:13,16,Cultivo2,1,Stationary
1137,28.5625,9.508333,3.476256,0.8739828166365744,4.526864,1.024514678032482,2.496832,1.1348992124695478,3.539216,0.9658064533559506,photos/2025/04/04/photo_20250404_170002.jpg,2025-04-04 17:00:13,17,Cultivo2,1,Stationary
1138,28.625,9.488802,3.182688,0.7490892767728022,4.281088,0.8295526121084786,2.329632,0.915397779468576,3.3188,0.7843969403305956,photos/2025/04/04/photo_20250404_180002.jpg,2025-04-04 18:00:13,18,Cultivo2,1,Stationary
1139,28.6875,9.560417,3.156896,0.750820197916918,4.280048,0.9595608983780028,2.28048,0.9104326692205196,3.300496,0.8611562889417925,photos/2025/04/04/photo_20250404_190002.jpg,2025-04-04 19:00:13,19,Cultivo2,1,Stationary
1140,28.75,9.586458,3.17792,0.7517710248845721,4.28136,0.8310502694783269,2.336512,0.940412927176142,3.322512,0.7804626895989327,photos/2025/04/04/photo_20250404_200002.jpg,2025-04-04 20:00:13,20,Cultivo2,1,Stationary
1141,28.6875,9.602735,3.142288,0.6556778953602141,4.17176,0.760306847529338,2.213744,0.8754028358738621,3.2096,0.699716971353418,photos/2025/04/04/photo_20250404_210002.jpg,2025-04-04 21:00:13,21,Cultivo2,1,Stationary
1142,28.75,9.550652,3.229072,0.6882943405724037,4.243296,0.7313597311747483,2.239856,0.9649155500954474,3.257424,0.7223440206882036,photos/2025/04/04/photo_20250404_220002.jpg,2025-04-04 22:00:13,22,Cultivo2,1,Stationary
1143,28.75,9.511589,3.157808,0.5655423735282795,4.133216,0.6873583471116067,2.141088,0.777570983985385,3.151456,0.6293401942224889,photos/2025/04/04/photo_20250404_230002.jpg,2025-04-04 23:00:13,23,Cultivo2,1,Stationary
1144,28.6875,9.628777,3.216656,0.7545596096691102,4.280976,0.8761258399476641,2.286384,0.9722819435040434,3.304272,0.8189032604746423,photos/2025/04/05/photo_20250405_000002.jpg,2025-04-05 00:00:13,0,Cultivo2,1,Stationary
1145,28.625,9.518099,3.139008,0.5933498125052371,4.127008,0.7055869669544641,2.144,0.865076167707792,3.152016,0.6493898180168827,photos/2025/04/05/photo_20250405_010002.jpg,2025-04-05 01:00:13,1,Cultivo2,1,Stationary
1146,28.625,9.469271,3.1356,0.5511262397091977,4.113136,0.6125228530463169,2.113648,0.8863749996474404,3.130384,0.5939225644341188,photos/2025/04/05/photo_20250405_020002.jpg,2025-04-05 02:00:13,2,Cultivo2,1,Stationary
1147,28.5625,9.469271,3.208704,0.6918321070780107,4.215328,0.793272873868759,2.269296,0.8976918404352353,3.256624,0.733484916425689,photos/2025/04/05/photo_20250405_030002.jpg,2025-04-05 03:00:13,3,Cultivo2,1,Stationary
1148,28.5,9.498568,3.246144,0.7708898461803736,4.327456,1.0386628750773756,2.253584,1.0129665005635675,3.321024,0.9326176019269634,photos/2025/04/05/photo_20250405_040002.jpg,2025-04-05 04:00:13,4,Cultivo2,1,Stationary
1149,28.375,9.472527,3.147728,0.7010539879467201,4.221936,0.8310044596173958,2.221728,0.929111639156458,3.23848,0.7683380047869558,photos/2025/04/05/photo_20250405_050002.jpg,2025-04-05 05:00:13,5,Cultivo2,1,Stationary
1150,28.3125,9.439974,3.092784,0.6311659693741418,4.126352,0.7055573485521925,2.199152,0.8491779138343154,3.17208,0.6530455371564835,photos/2025/04/05/photo_20250405_060002.jpg,2025-04-05 06:00:13,6,Cultivo2,1,Stationary
1151,28.25,9.44323,3.15664,0.6924131684940719,4.203984,0.8151211736570213,2.250064,0.920404210333699,3.241136,0.7489602322580284,photos/2025/04/05/photo_20250405_070002.jpg,2025-04-05 07:00:13,7,Cultivo2,1,Stationary
1152,28.125,9.505078,3.232256,0.7603281649393241,4.275216,0.8973829468760814,2.25104,0.9693426383193922,3.28648,0.8458801390268009,photos/2025/04/05/photo_20250405_080002.jpg,2025-04-05 08:00:13,8,Cultivo2,1,Stationary
1153,28.0625,9.358594,3.229792,0.6477654510824115,4.222384,0.6848075324819377,2.234128,0.9332928997565556,3.241232,0.6712131719327326,photos/2025/04/05/photo_20250405_090002.jpg,2025-04-05 09:00:13,9,Cultivo2,1,Stationary
1154,28.0625,9.397656,3.249344,0.7300711257843306,4.278768,0.8346690375088799,2.362464,0.909542505693934,3.333824,0.7681572345711521,photos/2025/04/05/photo_20250405_100002.jpg,2025-04-05 10:00:13,10,Cultivo2,1,Stationary
1155,28.0,9.397656,3.380544,0.758303253069641,4.376608,0.8631792480916115,2.389872,1.0643243227813597,3.403408,0.8221909665862305,photos/2025/04/05/photo_20250405_110002.jpg,2025-04-05 11:00:13,11,Cultivo2,1,Stationary
1156,28.0,9.384636,3.867792,1.051408405399158,5.022128,1.4145551780033183,2.893584,1.3059529259265052,4.01056,1.267141857251981,photos/2025/04/05/photo_20250405_120002.jpg,2025-04-05 12:00:13,12,Cultivo2,1,Stationary
1157,28.0625,9.332552,4.509232,1.26161046681771,5.720112,1.5855291569239591,3.402496,1.5828160885510356,4.677808,1.4631528679997865,photos/2025/04/05/photo_20250405_130002.jpg,2025-04-05 13:00:13,13,Cultivo2,1,Stationary
1158,28.125,9.348828,4.562656,1.2088733558152398,5.69752,1.4694576719320636,3.48936,1.5674062095270644,4.679392,1.3744273390528872,photos/2025/04/05/photo_20250405_140002.jpg,2025-04-05 14:00:13,14,Cultivo2,1,Stationary
1159,28.25,9.495313,4.1992,1.1726950649917478,5.346368,1.3320169700780844,3.221888,1.4371636510850112,4.343664,1.271568737860443,photos/2025/04/05/photo_20250405_150002.jpg,2025-04-05 15:00:13,15,Cultivo2,1,Stationary
1160,28.375,9.37487,3.448416,0.7749306576875121,4.403472,0.8981995019014428,2.422576,1.1086041182243551,3.432624,0.8445332880496776,photos/2025/04/05/photo_20250405_160002.jpg,2025-04-05 16:00:13,16,Cultivo2,1,Stationary
1161,28.4375,9.508333,3.248816,0.6378162833167557,4.197984,0.7322310671802994,2.213856,0.9100124164779292,3.226224,0.6881676407852959,photos/2025/04/05/photo_20250405_170002.jpg,2025-04-05 17:00:13,17,Cultivo2,1,Stationary
1162,28.5625,9.511589,3.110736,0.5264389733900788,4.052768,0.6053887496278734,2.114464,0.806201921545713,3.094976,0.5535084095332248,photos/2025/04/05/photo_20250405_180002.jpg,2025-04-05 18:00:13,18,Cultivo2,1,Stationary
1163,28.625,9.563672,3.159872,0.5803745216185838,4.11864,0.6987678802005713,2.100784,0.9384460259471504,3.133792,0.6569655247697553,photos/2025/04/05/photo_20250405_190002.jpg,2025-04-05 19:00:13,19,Cultivo2,1,Stationary
1164,28.6875,9.488802,3.033296,0.5056509369278377,3.995408,0.6224298462766708,2.024272,0.7458011641074316,3.021568,0.5591554536763457,photos/2025/04/05/photo_20250405_200002.jpg,2025-04-05 20:00:13,20,Cultivo2,1,Stationary
1165,28.6875,9.52461,3.153424,0.6445316799537475,4.163328,0.8039775894986129,2.154256,0.8932799540032229,3.179072,0.7369974347418042,photos/2025/04/05/photo_20250405_210002.jpg,2025-04-05 21:00:13,21,Cultivo2,1,Stationary
1166,28.75,9.566927,3.088128,0.4652790635478885,4.036032,0.5335894442134327,2.071968,0.7421546035806825,3.065504,0.4956099534755128,photos/2025/04/05/photo_20250405_220002.jpg,2025-04-05 22:00:13,22,Cultivo2,1,Stationary
1167,28.75,9.553906,3.074848,0.4666031848326798,4.01432,0.5395432675884297,2.036352,0.8445198499123631,3.04128,0.5050385743683348,photos/2025/04/05/photo_20250405_230002.jpg,2025-04-05 23:00:13,23,Cultivo2,1,Stationary
1168,28.6875,9.511589,3.037712,0.4925142745707986,4.002864,0.5803238729399299,2.033312,0.7322962549788166,3.029776,0.5300201786951134,photos/2025/04/06/photo_20250406_000002.jpg,2025-04-06 00:00:13,0,Cultivo2,1,Stationary
1169,28.6875,9.501823,3.095536,0.3948389748543069,4.015792,0.4247429960999945,2.023456,0.8679037231767128,3.03744,0.4211677176612661,photos/2025/04/06/photo_20250406_010002.jpg,2025-04-06 01:00:13,1,Cultivo2,1,Stationary
1170,28.625,9.472527,3.049968,0.4360725003941432,3.976432,0.5025739242897507,2.00088,0.7799789734191558,3.003328,0.4702562327242458,photos/2025/04/06/photo_20250406_020002.jpg,2025-04-06 02:00:13,2,Cultivo2,1,Stationary
1171,28.5625,9.466016,3.053728,0.46722051571394,3.998192,0.5077762609023782,2.015264,0.7968295313402987,3.021888,0.4890817063190976,photos/2025/04/06/photo_20250406_030002.jpg,2025-04-06 03:00:13,3,Cultivo2,1,Stationary
1172,28.5,9.518099,3.110496,0.5111063027746772,4.033824,0.5611202518391223,2.044208,0.901775268004174,3.059056,0.5380412520095462,photos/2025/04/06/photo_20250406_040002.jpg,2025-04-06 04:00:13,4,Cultivo2,1,Stationary
1173,28.5,9.508333,3.055856,0.4871442335243229,3.989056,0.5562231826020918,2.036912,0.828144979616492,3.025312,0.5136529009516057,photos/2025/04/06/photo_20250406_050002.jpg,2025-04-06 05:00:13,5,Cultivo2,1,Stationary
1174,28.375,9.557161,3.009024,0.4339835941599636,3.96904,0.4873289221870584,2.0032,0.6891955944606727,2.995728,0.4516965242460916,photos/2025/04/06/photo_20250406_060002.jpg,2025-04-06 06:00:13,6,Cultivo2,1,Stationary
1175,28.25,9.446485,3.018816,0.4068832226376507,3.923056,0.5131078062785637,2.045056,0.7068337556625319,2.995104,0.4077744832428826,photos/2025/04/06/photo_20250406_070002.jpg,2025-04-06 07:00:13,7,Cultivo2,1,Stationary
1176,28.1875,9.387891,3.111408,0.4404315602860448,4.034304,0.4717703207960416,2.040448,0.8726169019311968,3.05592,0.4663999931389365,photos/2025/04/06/photo_20250406_080002.jpg,2025-04-06 08:00:13,8,Cultivo2,1,Stationary
1177,28.125,9.397656,3.0648,0.4431227369476769,4.014096,0.5005689790468443,2.0568,0.7788356437657434,3.04736,0.460327090664888,photos/2025/04/06/photo_20250406_090002.jpg,2025-04-06 09:00:13,9,Cultivo2,1,Stationary
1178,28.0625,9.352083,3.229824,0.6089767924116649,4.168224,0.7172312638361493,2.215952,0.8995893113104445,3.206832,0.6622299629101661,photos/2025/04/06/photo_20250406_100002.jpg,2025-04-06 10:00:13,10,Cultivo2,1,Stationary
1179,28.0,9.352083,3.213968,0.5842039689834364,4.161856,0.6533197037163352,2.224432,0.863310891264555,3.205792,0.6083039147794465,photos/2025/04/06/photo_20250406_110002.jpg,2025-04-06 11:00:13,11,Cultivo2,1,Stationary
1180,28.0625,9.3,3.565072,0.782467890715012,4.51128,0.8675394870552003,2.52,1.163404329893954,3.537792,0.8431344879294168,photos/2025/04/06/photo_20250406_120002.jpg,2025-04-06 12:00:13,12,Cultivo2,1,Stationary
1181,27.875,9.081902,2.422688,0.5843776453493067,3.207424,0.6615975243484516,2.915296,0.9558194676067234,3.06336,0.5100132453181976,photos/2025/04/07/photo_20250407_071718.jpg,2025-04-07 07:17:30,0,Cultivo2,1,Stationary
1182,27.875,9.000521,3.019216,0.3925361557869542,3.906688,0.5092709206856405,2.05392,0.6721895159432345,2.989856,0.3886297714586467,photos/2025/04/07/photo_20250407_080002.jpg,2025-04-07 08:00:13,8,Cultivo2,1,Stationary
1183,27.875,9.020052,3.201888,0.612175661064698,4.116896,0.6560726523670987,2.2936,0.8308316528972641,3.216496,0.578820768445639,photos/2025/04/07/photo_20250407_090002.jpg,2025-04-07 09:00:13,9,Cultivo2,1,Stationary
1184,27.875,9.049349,3.116832,0.4924995372343003,4.039072,0.5175725831378629,2.093232,0.6113969935941784,3.091776,0.4305823566102076,photos/2025/04/07/photo_20250407_100002.jpg,2025-04-07 10:00:13,10,Cultivo2,1,Stationary
1185,27.875,9.254427,3.165312,0.5649883479718851,4.091072,0.561193274029545,2.214784,0.6302760844709245,3.173648,0.4812051247607406,photos/2025/04/07/photo_20250407_110002.jpg,2025-04-07 11:00:13,11,Cultivo2,1,Stationary
1186,27.9375,9.231641,5.496272,1.2926639211550697,6.617312,1.4331775516857637,4.104288,1.4261676276006263,5.605424,1.296051611713052,photos/2025/04/07/photo_20250407_120002.jpg,2025-04-07 12:00:13,12,Cultivo2,1,Stationary
1187,28.0625,9.270703,4.02544,1.0167604681536355,4.995392,1.0979593646105488,3.10248,1.1212674999303245,4.102864,1.0052158959666326,photos/2025/04/07/photo_20250407_130002.jpg,2025-04-07 13:00:13,13,Cultivo2,1,Stationary
1188,28.1875,9.234896,4.298832,1.099112077997508,5.263536,1.134888882976655,3.0192,1.232504537831809,4.289488,1.07375448676874,photos/2025/04/07/photo_20250407_140002.jpg,2025-04-07 14:00:13,14,Cultivo2,1,Stationary
1189,28.3125,9.267448,3.396432,0.7371626078417163,4.346976,0.7906400289790544,2.35336,0.8949154537586217,3.39344,0.7306688486585424,photos/2025/04/07/photo_20250407_150002.jpg,2025-04-07 15:00:13,15,Cultivo2,1,Stationary
1190,28.375,9.257683,3.013104,0.4135950405892217,3.946304,0.4603267747850433,1.98632,0.5391885432610748,2.985776,0.3709955226468374,photos/2025/04/07/photo_20250407_160002.jpg,2025-04-07 16:00:13,16,Cultivo2,1,Stationary
1191,28.4375,9.400911,2.970288,0.4305813435066596,3.922816,0.556987100518495,1.930432,0.5917002594692687,2.951632,0.4603091749856829,photos/2025/04/07/photo_20250407_170002.jpg,2025-04-07 17:00:13,17,Cultivo2,1,Stationary
1192,28.4375,9.407422,2.83824,0.5041927887782609,3.791552,0.5630252492526423,1.799088,0.6181340488923094,2.8152,0.5010318951923122,photos/2025/04/07/photo_20250407_180002.jpg,2025-04-07 18:00:13,18,Cultivo2,1,Stationary
1193,28.5625,9.332552,2.81608,0.5135399331853365,3.728384,0.6119221752347269,1.824032,0.6222904736535825,2.7932,0.5015194512678446,photos/2025/04/07/photo_20250407_190002.jpg,2025-04-07 19:00:13,19,Cultivo2,1,Stationary
1194,28.625,9.446485,2.788496,0.5042974296979909,3.72664,0.5552461709908497,1.75032,0.6501584868199445,2.757888,0.4933860349219462,photos/2025/04/07/photo_20250407_200002.jpg,2025-04-07 20:00:13,20,Cultivo2,1,Stationary
1195,28.5625,9.371614,2.813056,0.4965336185033195,3.740576,0.5583360889500159,1.792736,0.6563626595594846,2.783424,0.4849152876781676,photos/2025/04/07/photo_20250407_210002.jpg,2025-04-07 21:00:13,21,Cultivo2,1,Stationary
1196,28.5625,9.547396,2.761792,0.5397586746093109,3.689264,0.61815462329744,1.752928,0.6577483931838982,2.737392,0.5352354980155931,photos/2025/04/07/photo_20250407_220002.jpg,2025-04-07 22:00:13,22,Cultivo2,1,Stationary
1197,28.5625,9.400911,2.640144,0.5866823263606975,3.578896,0.6958386459402782,1.654544,0.6821551577639796,2.630864,0.6001155001364321,photos/2025/04/07/photo_20250407_230002.jpg,2025-04-07 23:00:13,23,Cultivo2,1,Stationary
1198,28.5625,9.452995,2.746016,0.5229885348800679,3.676,0.6002266238680187,1.746128,0.6282962101938863,2.725248,0.513559479024582,photos/2025/04/08/photo_20250408_000002.jpg,2025-04-08 00:00:13,0,Cultivo2,1,Stationary
1199,28.4375,9.501823,2.791168,0.4966514060545887,3.687744,0.632860324608835,1.816192,0.6168866960601436,2.765792,0.4945084556769479,photos/2025/04/08/photo_20250408_010002.jpg,2025-04-08 01:00:13,1,Cultivo2,1,Stationary
1200,28.375,9.342318,2.762624,0.5175361540839442,3.650192,0.6370826972505218,1.789904,0.6439663303496543,2.733584,0.5108879671160791,photos/2025/04/08/photo_20250408_020002.jpg,2025-04-08 02:00:13,2,Cultivo2,1,Stationary
1201,28.3125,9.439974,2.801888,0.5001363874144732,3.709536,0.6104282633561458,1.830272,0.5932820875907177,2.78192,0.4898582586830603,photos/2025/04/08/photo_20250408_030002.jpg,2025-04-08 03:00:13,3,Cultivo2,1,Stationary
1202,28.25,9.303255,2.736496,0.5405799684930991,3.629584,0.6517606822630527,1.791392,0.6167703316340695,2.721168,0.5220849698813403,photos/2025/04/08/photo_20250408_040002.jpg,2025-04-08 04:00:13,4,Cultivo2,1,Stationary
1203,28.125,9.387891,2.724864,0.5384150336088324,3.668,0.5720559413204271,1.700672,0.6232914097787648,2.70136,0.517360754599728,photos/2025/04/08/photo_20250408_050002.jpg,2025-04-08 05:00:13,5,Cultivo2,1,Stationary
1204,28.0625,9.335808,2.726032,0.544544809542796,3.65656,0.622293312192892,1.73248,0.6464901661866173,2.705696,0.5422408649152146,photos/2025/04/08/photo_20250408_060002.jpg,2025-04-08 06:00:13,6,Cultivo2,1,Stationary
1205,27.9375,9.244661,2.609184,0.5789800147984384,2.967008,0.6067351382077685,2.738592,0.7597255123687764,2.85536,0.4973281315188192,photos/2025/04/09/photo_20250409_070633.jpg,2025-04-09 07:06:45,0,Cultivo2,1,Stationary
1206,27.875,9.072136,2.94856,0.4601975995765297,3.739552,0.6267685691672804,2.053312,0.7299711818969293,2.90648,0.4255890148958265,photos/2025/04/09/photo_20250409_080002.jpg,2025-04-09 08:00:13,8,Cultivo2,1,Stationary
1207,27.875,9.029818,3.198192,0.5211989623934414,4.046,0.5686017938768748,2.18304,0.916218277014817,3.131296,0.5042949140969003,photos/2025/04/09/photo_20250409_090002.jpg,2025-04-09 09:00:13,9,Cultivo2,1,Stationary
1208,27.875,9.020052,3.23856,0.5679129377783183,4.083488,0.610473385051306,2.256848,0.8871443661546864,3.18432,0.5411489052007774,photos/2025/04/09/photo_20250409_100002.jpg,2025-04-09 10:00:13,10,Cultivo2,1,Stationary
1209,27.5625,8.919141,3.633648,0.8060674506367318,4.436768,0.8208396397445727,2.573968,1.284197107961235,3.528688,0.8073221157976536,photos/2025/04/09/photo_20250409_110002.jpg,2025-04-09 11:00:13,11,Cultivo2,1,Stationary
1210,26.875,8.769402,3.906912,0.9764966787367994,4.684144,1.0285654997441829,2.831696,1.4319911397267793,3.789056,1.0037283640826338,photos/2025/04/09/photo_20250409_120002.jpg,2025-04-09 12:00:13,12,Cultivo2,1,Stationary
1211,26.875,9.085156,4.114208,0.9817209379451984,4.823312,1.002651161000674,2.944,1.5933802222746458,3.9272,1.0146349885549977,photos/2025/04/09/photo_20250409_130002.jpg,2025-04-09 13:00:13,13,Cultivo2,1,Stationary
1212,27.125,9.065625,3.662816,0.7872839426788788,4.443904,0.8432539586530264,2.53544,1.3214427532602386,3.523632,0.8208102878107706,photos/2025/04/09/photo_20250409_140002.jpg,2025-04-09 14:00:13,14,Cultivo2,1,Stationary
1213,27.3125,9.117708,3.40776,0.7054679014668208,4.239536,0.780183635244934,2.4148,1.1184506168803343,3.344528,0.7064307872792636,photos/2025/04/09/photo_20250409_150002.jpg,2025-04-09 15:00:13,15,Cultivo2,1,Stationary
1214,27.5625,9.182813,3.274416,0.5163518777887808,4.078816,0.5134316294736817,2.216048,1.044654899449574,3.166528,0.4772718567189983,photos/2025/04/09/photo_20250409_160002.jpg,2025-04-09 16:00:13,16,Cultivo2,1,Stationary
1215,27.75,9.21211,3.252624,0.5321484244080781,4.056912,0.5405562174797364,2.22888,0.9655201264727732,3.160112,0.4813773441449026,photos/2025/04/09/photo_20250409_170002.jpg,2025-04-09 17:00:13,17,Cultivo2,1,Stationary
1216,27.875,9.36836,3.224432,0.5123040644617217,4.033872,0.5434304809412148,2.209744,0.9467831205592968,3.140944,0.4731414047237888,photos/2025/04/09/photo_20250409_180002.jpg,2025-04-09 18:00:13,18,Cultivo2,1,Stationary
1217,28.0,9.413933,3.193344,0.5048391487830555,4.046352,0.5468560067293766,2.175184,0.9233125676952524,3.126464,0.4905903145232282,photos/2025/04/09/photo_20250409_190002.jpg,2025-04-09 19:00:13,19,Cultivo2,1,Stationary
1218,28.1875,9.433464,3.159136,0.5213418107000435,3.893952,0.558127065905247,2.271696,0.8382575579760674,3.095952,0.3981472261563554,photos/2025/04/09/photo_20250409_200002.jpg,2025-04-09 20:00:13,20,Cultivo2,1,Stationary
1219,28.3125,9.426953,3.127584,0.4659879412001988,3.93432,0.4953121617727552,2.181216,0.8216534080401541,3.070032,0.3760525481578339,photos/2025/04/09/photo_20250409_210002.jpg,2025-04-09 21:00:13,21,Cultivo2,1,Stationary
1220,28.375,9.511589,3.131664,0.5459150752415618,3.9188,0.6251388325804117,2.246432,0.7640475057900524,3.094368,0.4735131260862786,photos/2025/04/09/photo_20250409_220002.jpg,2025-04-09 22:00:13,22,Cultivo2,1,Stationary
1221,28.375,9.423698,3.1676,0.5571124665774407,3.958128,0.6090441163134243,2.257328,0.8294903495520609,3.12,0.4788987366865776,photos/2025/04/09/photo_20250409_230002.jpg,2025-04-09 23:00:13,23,Cultivo2,1,Stationary
1222,28.4375,9.563672,3.129808,0.5548284292067233,3.83568,0.5949713754459117,2.298512,0.7857721572669776,3.07992,0.407132403033706,photos/2025/04/10/photo_20250410_000002.jpg,2025-04-10 00:00:13,0,Cultivo2,1,Stationary
1223,28.375,9.466016,3.157408,0.4558902938909754,3.982624,0.4624306160106616,2.161456,0.8698084395635628,3.085344,0.3872110557099319,photos/2025/04/10/photo_20250410_010002.jpg,2025-04-10 01:00:13,1,Cultivo2,1,Stationary
1224,28.375,9.485547,3.157472,0.5113831944677103,3.923312,0.5551422796509017,2.242304,0.8442195029824885,3.097312,0.4061949958529769,photos/2025/04/10/photo_20250410_020002.jpg,2025-04-10 02:00:13,2,Cultivo2,1,Stationary
1225,28.3125,9.521355,3.15576,0.4513997243065176,3.970944,0.4623286156663894,2.158336,0.9154030928503574,3.07928,0.3763438342792399,photos/2025/04/10/photo_20250410_030002.jpg,2025-04-10 03:00:13,3,Cultivo2,1,Stationary
1226,28.3125,9.466016,3.20864,0.4885400290661964,4.033664,0.5434581263574959,2.1808,0.9555675540745406,3.125376,0.469681656682481,photos/2025/04/10/photo_20250410_040002.jpg,2025-04-10 04:00:13,4,Cultivo2,1,Stationary
1227,28.25,9.511589,3.222352,0.5083014916366074,4.039744,0.546922676860267,2.20544,0.9876758517327432,3.140112,0.4767899196249853,photos/2025/04/10/photo_20250410_050002.jpg,2025-04-10 05:00:13,5,Cultivo2,1,Stationary
1228,28.125,9.394402,3.13344,0.5079906949698981,3.911984,0.5576927323750955,2.225232,0.8379700271489428,3.081904,0.4088957505086106,photos/2025/04/10/photo_20250410_060002.jpg,2025-04-10 06:00:13,6,Cultivo2,1,Stationary
1229,28.0625,9.387891,3.14664,0.4633466848915615,3.968576,0.5096239125315845,2.15136,0.8496120940758789,3.076544,0.4110048856935888,photos/2025/04/10/photo_20250410_070002.jpg,2025-04-10 07:00:13,7,Cultivo2,1,Stationary
1230,27.9375,9.303255,13.23992,3.61637694499011,18.140608,4.904085377553699,12.040912,4.186858296336288,15.806576,4.341035263185961,photos/2025/04/10/photo_20250410_080002.jpg,2025-04-10 08:00:13,8,Cultivo2,1,Stationary
1231,27.6875,9.3,12.923344,3.234663234561521,17.887008,4.390673844404296,11.835824,3.6518877115355015,15.55816,3.835725930563861,photos/2025/04/10/photo_20250410_090002.jpg,2025-04-10 09:00:13,9,Cultivo2,1,Stationary
1232,27.5625,9.234896,14.714416,4.151962141515263,19.859792,5.519417878430296,12.840368,4.82207525645795,17.218224,4.914866660024868,photos/2025/04/10/photo_20250410_100002.jpg,2025-04-10 10:00:13,10,Cultivo2,1,Stationary
1233,27.5,9.267448,15.71872,3.737595836436037,20.869792,5.179693222260948,13.487616,4.545167275425625,18.12416,4.548737879280361,photos/2025/04/10/photo_20250410_110002.jpg,2025-04-10 11:00:13,11,Cultivo2,1,Stationary
1234,27.5,9.202344,16.898016,3.5996516901367,22.23792,5.069750494215668,14.494736,4.374222589643101,19.360304,4.410495326784057,photos/2025/04/10/photo_20250410_120002.jpg,2025-04-10 12:00:13,12,Cultivo2,1,Stationary
1235,27.5625,9.21862,19.654912,5.418619691397431,25.190864,7.036967737136784,16.8808,6.702340059431184,22.105392,6.404459424989435,photos/2025/04/10/photo_20250410_130002.jpg,2025-04-10 13:00:13,13,Cultivo2,1,Stationary
1236,27.5625,9.283724,8.749792,1.499113356642519,10.055232,2.4953118895592987,5.353456,2.83803099996036,8.544736,2.1387245475525827,photos/2025/04/10/photo_20250410_140002.jpg,2025-04-10 14:00:13,14,Cultivo2,1,Stationary
1237,27.625,9.244661,7.94008,1.5551417598971484,9.271456,2.684385896264544,4.969568,2.9789947286962426,7.870816,2.3075700410050395,photos/2025/04/10/photo_20250410_150002.jpg,2025-04-10 15:00:13,15,Cultivo2,1,Stationary
1238,27.75,9.267448,3.83592,0.7801167594251517,4.658672,0.8363104665230492,2.692608,1.3133916984662268,3.710768,0.8228006138646229,photos/2025/04/10/photo_20250410_160002.jpg,2025-04-10 16:00:13,16,Cultivo2,1,Stationary
1239,27.8125,9.267448,3.202768,0.4741902967206309,4.077376,0.5507494481377172,2.122864,1.0181027149438313,3.120368,0.5153246982010468,photos/2025/04/10/photo_20250410_170002.jpg,2025-04-10 17:00:13,17,Cultivo2,1,Stationary
1240,27.875,9.3,3.0688,0.3625736452860301,3.94752,0.4097973274681034,2.019088,0.8179991198039275,2.998736,0.3577462820268018,photos/2025/04/10/photo_20250410_180002.jpg,2025-04-10 18:00:13,18,Cultivo2,1,Stationary
1241,27.875,9.378125,2.942704,0.4340980976691789,3.8216,0.52369212329383,1.92696,0.7997381873988512,2.887056,0.4402495347686355,photos/2025/04/10/photo_20250410_190002.jpg,2025-04-10 19:00:13,19,Cultivo2,1,Stationary
1242,27.9375,9.303255,2.927056,0.4583788057927635,3.816768,0.5040258268938209,1.88448,0.8383073260230999,2.86512,0.4602079808086774,photos/2025/04/10/photo_20250410_200002.jpg,2025-04-10 20:00:13,20,Cultivo2,1,Stationary
1243,27.875,9.215364,2.9256,0.4292860039833584,3.794592,0.5240911691070553,1.941472,0.7243870788466619,2.878176,0.414968568718162,photos/2025/04/10/photo_20250410_210002.jpg,2025-04-10 21:00:13,21,Cultivo2,1,Stationary
1244,27.8125,9.238152,2.96304,0.4279017445348874,3.851024,0.5086748975760451,1.935968,0.7722654714539554,2.907536,0.4346704598934691,photos/2025/04/10/photo_20250410_220002.jpg,2025-04-10 22:00:13,22,Cultivo2,1,Stationary
1245,27.875,9.397656,2.919248,0.4598505426766396,3.794864,0.5256455283782028,1.91528,0.7143046370394077,2.867168,0.4438960010813343,photos/2025/04/10/photo_20250410_230002.jpg,2025-04-10 23:00:13,23,Cultivo2,1,Stationary
1246,27.8125,9.293489,2.922352,0.4746301401976068,3.740448,0.6142253326719763,1.997504,0.7548899178661748,2.879632,0.4514416292013841,photos/2025/04/11/photo_20250411_000002.jpg,2025-04-11 00:00:13,0,Cultivo2,1,Stationary
1247,27.75,9.264193,2.920976,0.4442302754203049,3.775264,0.5311927430829604,1.92568,0.7861674169183049,2.862672,0.4261889491950725,photos/2025/04/11/photo_20250411_010002.jpg,2025-04-11 01:00:13,1,Cultivo2,1,Stationary
1248,27.6875,9.319531,2.904624,0.4842214517511591,3.792752,0.5429477566911941,1.876608,0.8365688367516446,2.848368,0.4803995593003807,photos/2025/04/11/photo_20250411_020002.jpg,2025-04-11 02:00:13,2,Cultivo2,1,Stationary
1249,27.5,9.277214,2.85312,0.4966751686001626,3.760176,0.5238057359594299,1.812336,0.7890210805802338,2.798608,0.4991525441545901,photos/2025/04/11/photo_20250411_030002.jpg,2025-04-11 03:00:13,3,Cultivo2,1,Stationary
1250,27.4375,9.22513,2.913728,0.4720508986793691,3.777472,0.5533473495156546,1.918416,0.7962795627265591,2.85928,0.458368717955316,photos/2025/04/11/photo_20250411_040002.jpg,2025-04-11 04:00:13,4,Cultivo2,1,Stationary
1251,27.375,9.189323,2.939168,0.4567033102573267,3.82216,0.5339709115672876,1.91192,0.8396067339987215,2.880848,0.4653372979850208,photos/2025/04/11/photo_20250411_050002.jpg,2025-04-11 05:00:13,5,Cultivo2,1,Stationary
1252,27.3125,9.163281,2.892976,0.4644086131845532,3.781008,0.5415777912137831,1.8908,0.7238907814194072,2.847936,0.4593348886204922,photos/2025/04/11/photo_20250411_060002.jpg,2025-04-11 06:00:13,6,Cultivo2,1,Stationary
1253,27.25,9.251172,3.047296,0.4272720176000296,3.912304,0.4882677662758418,2.003824,0.8705326463631332,2.973744,0.4215763542515164,photos/2025/04/11/photo_20250411_070002.jpg,2025-04-11 07:00:13,7,Cultivo2,1,Stationary
1254,27.125,9.173047,3.033824,0.4082517745509503,3.925936,0.4663416386127235,1.968976,0.857368028925735,2.964256,0.4291787115689687,photos/2025/04/11/photo_20250411_080002.jpg,2025-04-11 08:00:13,8,Cultivo2,1,Stationary
1255,27.125,9.150261,3.096432,0.3986383299985088,3.976672,0.4402905908783425,2.061184,0.8955159794085196,3.033712,0.4033057166170596,photos/2025/04/11/photo_20250411_090002.jpg,2025-04-11 09:00:13,9,Cultivo2,1,Stationary
1256,27.125,8.053255,3.655488,1.1191946608593162,4.471824,1.033482517038387,2.702848,1.3178404614580628,3.604064,1.0444992503127994,photos/2025/04/11/photo_20250411_100002.jpg,2025-04-11 10:00:13,10,Cultivo2,1,Stationary
1257,27.25,8.997266,4.138928,1.2138443393845852,4.881712,1.176914588683478,2.937088,1.7470646842106334,3.9588,1.232629125081831,photos/2025/04/11/photo_20250411_110002.jpg,2025-04-11 11:00:13,11,Cultivo2,1,Stationary
1258,27.5,9.013542,3.130192,0.4075622671445432,3.997408,0.4669489067724648,2.09272,0.875877869988733,3.061648,0.4065360059035361,photos/2025/04/11/photo_20250411_120002.jpg,2025-04-11 12:00:13,12,Cultivo2,1,Stationary
1259,24.4375,8.235547,239.82456,19.56930387892058,252.817152,7.010395039432228,237.883408,21.778386092784743,246.954384,11.05382536412368,photos/2025/04/11/photo_20250411_124640.jpg,2025-04-11 12:46:52,0,Cultivo3,2,Lag
1260,24.6875,8.619661,239.818944,21.109325500615693,252.784768,7.356750042388011,236.198416,22.57143439670736,246.432192,11.748210164750033,photos/2025/04/11/photo_20250411_130002.jpg,2025-04-11 13:00:13,13,Cultivo3,2,Lag
1261,25.5,8.837761,249.933648,17.028963498521687,251.974864,6.3376355355529865,248.239504,17.02731914929934,250.75232,10.06179619241018,photos/2025/04/11/photo_20250411_140002.jpg,2025-04-11 14:00:13,14,Cultivo3,2,Lag
1262,26.125,9.000521,250.6912,17.607622916009532,251.985424,6.216612223729578,248.605296,15.22736807724828,250.956656,10.002583331203194,photos/2025/04/11/photo_20250411_150002.jpg,2025-04-11 15:00:13,15,Cultivo3,2,Lag
1263,26.625,9.156771,250.887136,16.850057910853124,251.779104,6.269538177344804,249.695664,14.654138450195695,251.214224,9.851744824031124,photos/2025/04/11/photo_20250411_160002.jpg,2025-04-11 16:00:13,16,Cultivo3,2,Lag
1264,27.125,9.273958,250.157568,18.617239270867632,251.561552,7.291474703466783,248.918208,16.582351230310373,250.766176,11.164505825921005,photos/2025/04/11/photo_20250411_170002.jpg,2025-04-11 17:00:13,17,Cultivo3,2,Lag
1265,27.5,9.322786,249.853088,19.36941299477545,251.679104,7.855380942843192,247.518768,17.621526405628316,250.350224,11.779045086501029,photos/2025/04/11/photo_20250411_180002.jpg,2025-04-11 18:00:13,18,Cultivo3,2,Lag
1266,27.75,9.469271,249.550016,20.0679606690083,251.605104,8.301726636621083,246.842944,18.50768344228267,250.071392,12.329924216406846,photos/2025/04/11/photo_20250411_190002.jpg,2025-04-11 19:00:13,19,Cultivo3,2,Lag
1267,27.9375,9.514844,249.32192,20.744956796100205,251.568032,8.676708802707164,245.764544,19.00808374122968,249.696736,12.753560716376583,photos/2025/04/11/photo_20250411_200002.jpg,2025-04-11 20:00:13,20,Cultivo3,2,Lag
1268,28.0,9.544141,249.209984,21.015703671692368,251.566336,8.894246203872704,245.786704,19.33647751581823,249.69288,13.00776004182119,photos/2025/04/11/photo_20250411_210002.jpg,2025-04-11 21:00:13,21,Cultivo3,2,Lag
1269,28.1875,9.605989,249.181648,21.20143948894641,251.548224,9.080175903903184,245.516112,19.51833056396208,249.585312,13.18857694607936,photos/2025/04/11/photo_20250411_220002.jpg,2025-04-11 22:00:13,22,Cultivo3,2,Lag
1270,28.1875,9.573438,248.950816,22.048752956524687,251.704528,9.44416901041145,242.799488,20.077019224330687,248.837824,13.59027780970735,photos/2025/04/11/photo_20250411_230002.jpg,2025-04-11 23:00:13,23,Cultivo3,2,Lag
1271,28.125,9.557161,248.829072,22.15033336098615,251.590592,9.463971317028388,244.243072,20.396881713115267,249.186624,13.752803477205074,photos/2025/04/12/photo_20250412_000002.jpg,2025-04-12 00:00:13,0,Cultivo3,2,Lag
1272,28.1875,9.579948,248.7664,23.15462620405693,251.445872,9.511910752294511,243.02752,20.47793717736237,248.740624,13.864484847646663,photos/2025/04/12/photo_20250412_010002.jpg,2025-04-12 01:00:13,1,Cultivo3,2,Lag
1273,28.125,9.671094,248.826816,22.37640188815494,251.525472,9.58219719987102,244.304576,20.4163101294564,249.167344,13.8940601692113,photos/2025/04/12/photo_20250412_020002.jpg,2025-04-12 02:00:13,2,Cultivo3,2,Lag
1274,28.125,9.602735,249.018592,22.13063038977209,251.53904,9.362929236003014,244.912464,20.029809143812027,249.3852,13.655693792700538,photos/2025/04/12/photo_20250412_030002.jpg,2025-04-12 03:00:13,3,Cultivo3,2,Lag
1275,28.0625,9.469271,249.033984,21.99360633984486,251.60144,9.328696260807297,244.044544,20.05952095858084,249.155472,13.563341345598287,photos/2025/04/12/photo_20250412_040002.jpg,2025-04-12 04:00:13,4,Cultivo3,2,Lag
1276,27.875,9.570183,249.060864,22.081259397561546,251.482048,9.281554057683229,245.23224,19.995093987613657,249.447984,13.607869426759798,photos/2025/04/12/photo_20250412_050002.jpg,2025-04-12 05:00:13,5,Cultivo3,2,Lag
1277,27.875,9.570183,249.140048,21.953300866056203,251.55032,9.134320987221765,245.324304,19.743669024720205,249.519664,13.463622593013516,photos/2025/04/12/photo_20250412_060002.jpg,2025-04-12 06:00:13,6,Cultivo3,2,Lag
1278,27.8125,9.557161,249.172736,22.07943043445677,251.657088,9.429598260809206,244.235728,19.97267699319008,249.259824,13.673402922792263,photos/2025/04/12/photo_20250412_070002.jpg,2025-04-12 07:00:13,7,Cultivo3,2,Lag
1279,27.75,9.407422,249.251936,21.73600866119224,251.721968,8.965289187024364,244.135024,19.535379603475945,249.294064,13.200335994356506,photos/2025/04/12/photo_20250412_080002.jpg,2025-04-12 08:00:13,8,Cultivo3,2,Lag
1280,27.5625,9.540886,249.206816,22.118051215647007,251.825552,9.202136268024724,242.728496,19.61407523035802,248.926224,13.403992729848222,photos/2025/04/12/photo_20250412_090002.jpg,2025-04-12 09:00:13,9,Cultivo3,2,Lag
1281,27.5625,9.469271,249.26496,21.75561018365093,251.464608,8.931177492712592,246.475968,19.41994861472089,249.843968,13.29235592417597,photos/2025/04/12/photo_20250412_100002.jpg,2025-04-12 10:00:13,10,Cultivo3,2,Lag
1282,27.5625,9.462761,249.311088,21.713252127526545,251.591296,9.025620479522946,245.305408,19.43199774228723,249.560272,13.28372234300371,photos/2025/04/12/photo_20250412_110002.jpg,2025-04-12 11:00:13,11,Cultivo3,2,Lag
1283,27.625,9.508333,249.355872,21.56454814202236,251.494304,8.85170715487041,246.07048,19.12060613891767,249.751808,13.121777956174078,photos/2025/04/12/photo_20250412_120002.jpg,2025-04-12 12:00:13,12,Cultivo3,2,Lag
1284,27.6875,9.479036,249.315504,21.391385951749456,251.385056,8.750377584816784,246.983536,19.18319913950705,249.962736,13.068331316365684,photos/2025/04/12/photo_20250412_130002.jpg,2025-04-12 13:00:13,13,Cultivo3,2,Lag
1285,27.75,9.488802,249.26288,21.72516560092429,251.714176,9.005612507821109,244.059696,19.559467837996003,249.258512,13.231283064988672,photos/2025/04/12/photo_20250412_140002.jpg,2025-04-12 14:00:13,14,Cultivo3,2,Lag
1286,27.875,9.560417,249.117792,21.94255124660722,251.538192,9.004620889917353,245.932496,19.782479850735,249.697008,13.412521457501418,photos/2025/04/12/photo_20250412_150002.jpg,2025-04-12 15:00:13,15,Cultivo3,2,Lag
1287,28.0,9.475781,249.05472,22.01698834418768,251.671712,9.178176016456428,243.932352,20.06889209003825,249.16432,13.463169572489235,photos/2025/04/12/photo_20250412_160002.jpg,2025-04-12 16:00:13,16,Cultivo3,2,Lag
1288,28.0625,9.625521,248.90448,22.574215901291986,251.522816,9.169487195593002,244.781184,20.214316410148527,249.327728,13.634298014860024,photos/2025/04/12/photo_20250412_170002.jpg,2025-04-12 17:00:13,17,Cultivo3,2,Lag
1289,28.1875,9.671094,248.938176,22.29597736171653,251.490752,9.210369508032562,245.136768,20.28497261011274,249.417232,13.639797559281297,photos/2025/04/12/photo_20250412_180002.jpg,2025-04-12 18:00:13,18,Cultivo3,2,Lag
1290,28.25,9.583203,248.91272,22.013446712983043,251.439808,9.107463803009924,245.599216,20.28084056940441,249.525424,13.512418348327737,photos/2025/04/12/photo_20250412_190002.jpg,2025-04-12 19:00:13,19,Cultivo3,2,Lag
1291,28.3125,9.677605,248.6508,22.54842013445732,251.733008,9.55711228729348,243.0712,21.001580782407785,248.908752,13.948670825655611,photos/2025/04/12/photo_20250412_200002.jpg,2025-04-12 20:00:13,20,Cultivo3,2,Lag
1292,28.3125,9.671094,248.480464,23.538431336008777,251.692352,9.694681877611869,240.6032,21.35757557272604,248.117936,14.111548571999602,photos/2025/04/12/photo_20250412_210002.jpg,2025-04-12 21:00:13,21,Cultivo3,2,Lag
1293,28.3125,9.638542,248.40448,22.70652343195004,251.554048,9.646326907880326,244.642048,21.53492521300225,249.228912,14.168771269812211,photos/2025/04/12/photo_20250412_220002.jpg,2025-04-12 22:00:13,22,Cultivo3,2,Lag
1294,28.3125,9.570183,248.22064,23.656686490335368,251.489664,9.85376461902272,241.346272,21.842691180127048,248.190688,14.337903545729969,photos/2025/04/12/photo_20250412_230002.jpg,2025-04-12 23:00:13,23,Cultivo3,2,Lag
1295,28.25,9.638542,247.912064,23.63340294968966,251.776272,10.125875457560005,239.34776,22.553034635274784,247.716752,14.568540715201916,photos/2025/04/13/photo_20250413_000002.jpg,2025-04-13 00:00:13,0,Cultivo3,2,Lag
1296,28.25,9.68737,247.874416,23.55301222876972,251.677328,10.003207224706284,241.093632,22.49338864330904,248.172,14.536026967503878,photos/2025/04/13/photo_20250413_010002.jpg,2025-04-13 01:00:13,1,Cultivo3,2,Lag
1297,28.1875,9.579948,247.810976,23.56044289146229,251.675984,9.991864972653705,241.395488,22.642670821425284,248.270912,14.558437783232652,photos/2025/04/13/photo_20250413_020002.jpg,2025-04-13 02:00:13,2,Cultivo3,2,Lag
1298,28.125,9.52461,247.211392,24.0928511019992,251.635632,10.563479159849562,239.562336,23.86778953783396,247.61856,15.158981744378478,photos/2025/04/13/photo_20250413_030002.jpg,2025-04-13 03:00:13,3,Cultivo3,2,Lag
1299,28.0625,9.557161,246.928272,24.603788228774853,251.377664,10.998130473089688,241.49544,24.606518630111328,248.011536,15.722070440012152,photos/2025/04/13/photo_20250413_040002.jpg,2025-04-13 04:00:13,4,Cultivo3,2,Lag
1300,28.0,9.550652,246.52656,25.07783942547651,251.592688,11.45491758742314,237.437504,25.17977248837646,246.870096,16.039502390996546,photos/2025/04/13/photo_20250413_050002.jpg,2025-04-13 05:00:13,5,Cultivo3,2,Lag
1301,27.8125,9.53112,246.554048,24.986391940702447,251.319088,11.220073032215788,241.48184,25.205865484321222,247.92176,16.034645194153814,photos/2025/04/13/photo_20250413_060002.jpg,2025-04-13 06:00:13,6,Cultivo3,2,Lag
1302,27.8125,9.38138,245.437136,25.93355188710594,251.544896,12.016852847113674,234.209472,26.259366026572387,245.743712,16.60305262477524,photos/2025/04/13/photo_20250413_070002.jpg,2025-04-13 07:00:13,7,Cultivo3,2,Lag
1303,27.6875,9.430208,245.295008,26.35972378880962,251.468448,12.180873387048074,236.011392,26.43692164908645,246.233216,16.88954926270515,photos/2025/04/13/photo_20250413_080002.jpg,2025-04-13 08:00:13,8,Cultivo3,2,Lag
1304,27.625,9.44323,243.563616,26.818250958967777,251.573536,14.23644395404639,229.807232,28.753449619211672,244.210816,18.57098566619833,photos/2025/04/13/photo_20250413_090002.jpg,2025-04-13 09:00:13,9,Cultivo3,2,Lag
1305,27.5625,9.459505,243.003712,29.05533379449467,251.003584,16.901632203871433,229.848864,31.343078888664657,243.8304,21.19224319981252,photos/2025/04/13/photo_20250413_100002.jpg,2025-04-13 10:00:13,10,Cultivo3,2,Lag
1306,27.5,9.446485,242.43832,31.786572239632005,250.031568,18.766732572863503,233.019216,33.32742947749796,244.158224,23.306392710280672,photos/2025/04/13/photo_20250413_110002.jpg,2025-04-13 11:00:13,11,Cultivo3,2,Lag
1307,27.5625,9.459505,240.026832,31.83710172367228,250.188496,20.75808481671621,225.973888,34.9793635168477,241.837328,24.78751850872564,photos/2025/04/13/photo_20250413_120002.jpg,2025-04-13 12:00:13,12,Cultivo3,2,Lag
1308,27.625,9.466016,240.259312,34.25902213370977,249.45184,21.47542448042413,231.127728,35.92298703179701,242.987008,25.95329819518005,photos/2025/04/13/photo_20250413_130002.jpg,2025-04-13 13:00:13,13,Cultivo3,2,Lag
1309,27.6875,9.540886,238.7952,34.68768180332286,249.374432,22.76353910703202,227.466368,37.40525066030169,241.677952,27.056199827131973,photos/2025/04/13/photo_20250413_140002.jpg,2025-04-13 14:00:13,14,Cultivo3,2,Lag
1310,27.875,9.553906,237.052912,37.24617996780577,248.653328,24.006317054567447,228.506768,38.79211796641498,241.360688,28.52438059216459,photos/2025/04/13/photo_20250413_150002.jpg,2025-04-13 15:00:13,15,Cultivo3,2,Lag
1311,28.0,9.573438,234.06608,35.451258042015944,248.878912,24.90945061008484,221.41128,39.4987892654142,239.019856,28.79427897585324,photos/2025/04/13/photo_20250413_160002.jpg,2025-04-13 16:00:13,16,Cultivo3,2,Lag
1312,28.0625,9.609245,233.936416,35.7628682083249,248.751648,25.814988229400683,220.989728,40.655783021299,238.798192,29.692005549156427,photos/2025/04/13/photo_20250413_170002.jpg,2025-04-13 17:00:13,17,Cultivo3,2,Lag
1313,28.1875,9.602735,231.653072,35.84660035886159,248.494528,26.38295605229285,218.892992,41.38177039425472,237.757904,30.14787922104611,photos/2025/04/13/photo_20250413_180002.jpg,2025-04-13 18:00:13,18,Cultivo3,2,Lag
1314,28.375,9.619011,229.408048,35.51176356935397,248.283424,26.974804667248737,216.752048,41.69114103535301,236.734112,30.49672440724505,photos/2025/04/13/photo_20250413_190002.jpg,2025-04-13 19:00:13,19,Cultivo3,2,Lag
1315,28.3125,9.59948,225.00432,37.591915350418425,248.05688,27.246032457324866,215.021824,42.37901949476415,235.57624,30.96883949169552,photos/2025/04/13/photo_20250413_200002.jpg,2025-04-13 20:00:13,20,Cultivo3,2,Lag
1316,28.5,9.69388,228.227232,36.51091291073703,247.98752,27.61983179256528,217.613024,43.08333076281564,236.674112,31.33527451629323,photos/2025/04/13/photo_20250413_210002.jpg,2025-04-13 21:00:13,21,Cultivo3,2,Lag
1317,28.5,9.589714,216.790208,35.34685349899332,247.637056,28.31246085476965,207.879552,41.52960682834279,232.24464,31.10609803994065,photos/2025/04/13/photo_20250413_220002.jpg,2025-04-13 22:00:13,22,Cultivo3,2,Lag
1318,28.5,9.677605,213.709424,35.099158907301465,247.518832,28.550503977264142,206.186,41.21811443513912,231.313616,31.15854831349728,photos/2025/04/13/photo_20250413_230002.jpg,2025-04-13 23:00:13,23,Cultivo3,2,Lag
1319,28.5,9.736198,213.828496,36.99109217383969,247.301872,28.935445828526927,207.430864,42.66579232099158,231.580672,31.886811380701204,photos/2025/04/14/photo_20250414_000002.jpg,2025-04-14 00:00:13,0,Cultivo3,2,Lag
1320,28.4375,9.645052,213.832512,36.83148074925384,247.153248,29.284939526153984,208.155312,43.25031601930622,231.716848,32.24288574158486,photos/2025/04/14/photo_20250414_010002.jpg,2025-04-14 01:00:13,1,Cultivo3,2,Lag
1321,28.4375,9.651563,212.215584,36.09749775478095,247.06432,29.51405019541709,207.681328,42.28121724287209,231.323888,32.20842536609724,photos/2025/04/14/photo_20250414_020002.jpg,2025-04-14 02:00:13,2,Cultivo3,2,Lag
1322,28.3125,9.602735,202.657648,36.25443937576396,246.79224,30.207126903802028,200.781584,41.81456046771383,228.007952,32.32543198111506,photos/2025/04/14/photo_20250414_030002.jpg,2025-04-14 03:00:13,3,Cultivo3,2,Lag
1323,28.25,9.615755,197.274256,34.71247745926527,246.527248,30.641662251687585,197.5492,40.24121309859413,226.270288,32.178551123334564,photos/2025/04/14/photo_20250414_040002.jpg,2025-04-14 04:00:13,4,Cultivo3,2,Lag
1324,28.1875,9.547396,194.131376,37.02380855784213,246.359616,30.885641264713023,195.996016,42.50616487459936,225.350816,32.75331751340838,photos/2025/04/14/photo_20250414_050002.jpg,2025-04-14 05:00:13,5,Cultivo3,2,Lag
1325,28.0625,9.553906,191.946736,34.94680404645575,246.093056,31.54859636466992,195.318432,39.75567857484393,224.745968,32.77563332329333,photos/2025/04/14/photo_20250414_060002.jpg,2025-04-14 06:00:13,6,Cultivo3,2,Lag
1326,28.0625,9.485547,193.97144,36.86385477567228,245.999616,31.6367270091668,197.715488,42.32127144033364,225.6316,33.38820069186119,photos/2025/04/14/photo_20250414_070002.jpg,2025-04-14 07:00:13,7,Cultivo3,2,Lag
1327,27.875,9.501823,184.438832,34.701869047553274,245.62952,32.27667852443309,191.534592,38.93150316229488,222.480016,33.025679715029995,photos/2025/04/14/photo_20250414_080002.jpg,2025-04-14 08:00:13,8,Cultivo3,2,Lag
1328,27.75,9.544141,184.027872,35.10161052731433,245.457088,32.639588210641634,191.963856,39.4327590608572,222.466672,33.41598409809916,photos/2025/04/14/photo_20250414_090002.jpg,2025-04-14 09:00:13,9,Cultivo3,2,Lag
1329,27.6875,9.44323,181.746912,35.36849820781335,245.284704,32.70211882481598,190.899648,39.69871950660696,221.78448,33.4525557637918,photos/2025/04/14/photo_20250414_100002.jpg,2025-04-14 10:00:13,10,Cultivo3,2,Lag
1330,27.75,9.472527,176.405856,33.53220143101994,245.060256,33.204493931009765,187.656752,36.72148691035351,220.071296,33.21316661928495,photos/2025/04/14/photo_20250414_110002.jpg,2025-04-14 11:00:13,11,Cultivo3,2,Lag
1331,27.75,9.514844,175.689952,36.00252566845521,244.759472,33.50629293552505,188.049168,39.840419654387375,219.926128,33.95526797019302,photos/2025/04/14/photo_20250414_120002.jpg,2025-04-14 12:00:13,12,Cultivo3,2,Lag
1332,27.8125,9.53763,169.259696,33.86251638739779,244.509472,33.953345730299034,183.437904,36.36722301726631,217.669072,33.526318358251274,photos/2025/04/14/photo_20250414_130002.jpg,2025-04-14 13:00:13,13,Cultivo3,2,Lag
1333,27.9375,9.501823,167.277008,34.53446159918524,244.156656,34.08942667305603,182.82888,37.302546220974456,217.053136,33.746379369726526,photos/2025/04/14/photo_20250414_140002.jpg,2025-04-14 14:00:13,14,Cultivo3,2,Lag
1334,28.0625,9.508333,163.062688,34.548866247020264,243.855632,34.76712846757086,180.129248,36.955594193770665,215.584752,34.03183640502663,photos/2025/04/14/photo_20250414_150002.jpg,2025-04-14 15:00:13,15,Cultivo3,2,Lag
1335,28.1875,9.59948,161.042224,33.51774543674774,243.48952,35.17427790544676,178.973376,35.04743427319358,214.80064,34.084763041429525,photos/2025/04/14/photo_20250414_160002.jpg,2025-04-14 16:00:13,16,Cultivo3,2,Lag
1336,28.375,9.563672,157.69632,32.94117672999651,243.203856,35.285107492131345,176.904944,34.390690403910185,213.629728,33.94635701582743,photos/2025/04/14/photo_20250414_170002.jpg,2025-04-14 17:00:13,17,Cultivo3,2,Lag
1337,28.4375,9.59948,157.273728,33.7082805021826,242.615024,35.708565715797434,177.067776,35.24741603269687,213.280224,34.485149535848386,photos/2025/04/14/photo_20250414_180002.jpg,2025-04-14 18:00:13,18,Cultivo3,2,Lag
1338,28.5,9.664583,156.66552,36.51231752176046,240.664032,35.72173777272008,176.372512,38.14688174844177,211.85392,35.26556672780972,photos/2025/04/14/photo_20250414_190002.jpg,2025-04-14 19:00:13,19,Cultivo3,2,Lag
1339,28.625,9.583203,150.431152,33.42750770392935,240.014176,36.07703833522125,171.728912,34.17388400449817,209.374384,34.59730921069649,photos/2025/04/14/photo_20250414_200002.jpg,2025-04-14 20:00:13,20,Cultivo3,2,Lag
1340,28.75,9.6125,146.352352,32.257373219801025,240.293984,36.60010411744403,169.637408,32.44530967748799,208.447312,34.47629574032941,photos/2025/04/14/photo_20250414_210002.jpg,2025-04-14 21:00:13,21,Cultivo3,2,Lag
1341,28.75,9.671094,141.685024,31.366431730993945,238.93624,37.08186034522001,166.066336,31.050136845421857,206.045616,34.43715225131927,photos/2025/04/14/photo_20250414_220002.jpg,2025-04-14 22:00:13,22,Cultivo3,2,Lag
1342,28.8125,9.700391,142.14912,31.903836135230133,239.065136,37.31764962188139,167.109872,31.66589135372001,206.487152,34.78901773446466,photos/2025/04/14/photo_20250414_230002.jpg,2025-04-14 23:00:13,23,Cultivo3,2,Lag
1343,28.75,9.635286,134.671008,29.971501649299856,235.815344,37.20649575224283,160.079504,29.73313176010788,201.610272,34.01742353685852,photos/2025/04/15/photo_20250415_000002.jpg,2025-04-15 00:00:13,0,Cultivo3,2,Lag
1344,28.6875,9.609245,135.960144,31.03065806842877,236.170112,37.56456955573238,161.879984,30.49486769112573,202.511408,34.6098596047071,photos/2025/04/15/photo_20250415_010002.jpg,2025-04-15 01:00:13,1,Cultivo3,2,Lag
1345,28.6875,9.589714,133.5772,30.625452315568893,235.657424,37.978772198219154,160.257104,30.05346609228293,201.446672,34.71096870046147,photos/2025/04/15/photo_20250415_020002.jpg,2025-04-15 02:00:13,2,Cultivo3,2,Lag
1346,28.625,9.661328,131.605888,31.270362858283303,233.645648,38.299386348348925,158.117536,30.07480546456545,199.395312,35.05906422628328,photos/2025/04/15/photo_20250415_030002.jpg,2025-04-15 03:00:13,3,Cultivo3,2,Lag
1347,28.5,9.579948,128.596704,30.603334947434995,232.01208,38.45218285186941,156.293152,30.03531428729162,197.5424,34.964881270211684,photos/2025/04/15/photo_20250415_040002.jpg,2025-04-15 04:00:13,4,Cultivo3,2,Lag
1348,28.375,9.566927,125.349616,30.172774536805463,229.226288,38.30625569983389,152.907152,29.078089494541143,194.520528,34.669198470706185,photos/2025/04/15/photo_20250415_050002.jpg,2025-04-15 05:00:13,5,Cultivo3,2,Lag
1349,28.3125,9.641797,122.38776,29.49034334333488,227.492816,38.04983506390197,151.450832,28.74411846243332,192.724288,34.273254629419945,photos/2025/04/15/photo_20250415_060002.jpg,2025-04-15 06:00:13,6,Cultivo3,2,Lag
1350,28.25,9.501823,125.845936,31.79917984462266,229.850624,39.35934134116861,155.513312,30.691936013941906,195.72576,35.92403752952054,photos/2025/04/15/photo_20250415_070002.jpg,2025-04-15 07:00:13,7,Cultivo3,2,Lag
1351,28.125,9.482292,120.23624,30.09440313413775,225.928416,38.94228503479148,150.118,28.760651707887288,191.151216,34.996259881898006,photos/2025/04/15/photo_20250415_080002.jpg,2025-04-15 08:00:13,8,Cultivo3,2,Lag
1352,28.0625,9.407422,116.80664,29.244901509398183,223.648912,38.1630068157143,148.12416,28.0563530757367,188.824976,34.18538223567822,photos/2025/04/15/photo_20250415_090002.jpg,2025-04-15 09:00:13,9,Cultivo3,2,Lag
1353,28.0625,9.488802,115.177264,29.444153168721016,222.373456,38.58364838394711,147.262336,28.0428372579221,187.627152,34.49466985447022,photos/2025/04/15/photo_20250415_100002.jpg,2025-04-15 10:00:13,10,Cultivo3,2,Lag
1354,28.0,9.348828,116.703568,29.91845850839351,223.99256,39.14226514455186,149.118256,28.590459109104494,189.309856,35.0273363711725,photos/2025/04/15/photo_20250415_110002.jpg,2025-04-15 11:00:13,11,Cultivo3,2,Lag
1355,28.0625,9.430208,112.94848,29.61580194952256,220.506096,38.74965324798125,146.254784,28.008748949026625,185.987632,34.63896937024218,photos/2025/04/15/photo_20250415_120002.jpg,2025-04-15 12:00:13,12,Cultivo3,2,Lag
1356,28.125,9.485547,107.394128,28.35310908250141,214.720896,37.68972174157278,141.362576,26.47165319959477,180.50816,33.46333081769357,photos/2025/04/15/photo_20250415_130002.jpg,2025-04-15 13:00:13,13,Cultivo3,0,Exponential
1357,28.1875,9.527864,107.055232,28.86069019098303,215.086832,38.140743519283625,141.982064,27.031892671919515,180.870784,33.94284382937505,photos/2025/04/15/photo_20250415_140002.jpg,2025-04-15 14:00:13,14,Cultivo3,0,Exponential
1358,28.375,9.449739,106.10392,28.87587546062519,214.623696,38.23594302877312,141.401408,26.97158090719934,180.313888,33.99195202284588,photos/2025/04/15/photo_20250415_150002.jpg,2025-04-15 15:00:13,15,Cultivo3,0,Exponential
1359,28.5,9.462761,100.4028,29.321127765024045,208.876064,38.492979098374605,136.657056,26.93055083283668,174.893504,34.271438642140254,photos/2025/04/15/photo_20250415_160002.jpg,2025-04-15 16:00:13,16,Cultivo3,0,Exponential
1360,28.5625,9.602735,97.433968,29.719048565766705,205.956368,38.74461531940375,134.32384,27.010164156757284,172.154672,34.548508688110054,photos/2025/04/15/photo_20250415_170002.jpg,2025-04-15 17:00:13,17,Cultivo3,0,Exponential
1361,28.625,9.518099,95.452112,27.48570563695973,204.34312,36.91621276167965,132.69872,24.93846688831244,170.487376,32.572585538065965,photos/2025/04/15/photo_20250415_180002.jpg,2025-04-15 18:00:13,18,Cultivo3,0,Exponential
1362,28.6875,9.544141,94.61296,28.97849232086445,203.572112,38.17851165065836,132.28064,26.050094357571915,169.817984,33.87823924255427,photos/2025/04/15/photo_20250415_190002.jpg,2025-04-15 19:00:13,19,Cultivo3,0,Exponential
1363,28.75,9.498568,89.736336,27.000777615615743,198.860864,36.30404673274735,127.947008,23.77452218857624,165.206512,31.935087048477826,photos/2025/04/15/photo_20250415_200002.jpg,2025-04-15 20:00:13,20,Cultivo3,0,Exponential
1364,28.6875,9.518099,90.800688,27.5360133907742,199.738464,36.908041602348725,128.744848,24.289042853242613,166.080544,32.49921513920089,photos/2025/04/15/photo_20250415_210002.jpg,2025-04-15 21:00:13,21,Cultivo3,0,Exponential
1365,28.625,9.485547,86.528336,26.732558372721755,196.111808,36.10863047764531,126.017968,23.266553785876926,162.657888,31.67791987140974,photos/2025/04/15/photo_20250415_220002.jpg,2025-04-15 22:00:13,22,Cultivo3,0,Exponential
1366,28.5625,9.482292,87.936064,27.93966113599977,197.754864,37.36860356424232,127.760752,24.517936784890853,164.300208,32.927508790625744,photos/2025/04/15/photo_20250415_230002.jpg,2025-04-15 23:00:13,23,Cultivo3,0,Exponential
1367,28.625,9.488802,80.843984,26.430964731662748,189.868128,35.38230181567638,121.39256,22.217211953972622,156.965424,31.047714577730577,photos/2025/04/16/photo_20250416_000002.jpg,2025-04-16 00:00:13,0,Cultivo3,0,Exponential
1368,28.5,9.391146,80.417376,26.73922360506378,190.260864,35.81971231003264,121.84272,22.39126341398859,157.282432,31.41654201476312,photos/2025/04/16/photo_20250416_010002.jpg,2025-04-16 01:00:13,1,Cultivo3,0,Exponential
1369,28.5,9.439974,76.106528,26.69268774515268,185.983552,35.52704324121691,118.504576,21.83740158043571,153.279696,31.162461426331262,photos/2025/04/16/photo_20250416_020002.jpg,2025-04-16 02:00:13,2,Cultivo3,0,Exponential
1370,28.4375,9.459505,76.79512,27.143350681789897,186.330016,36.09618907086653,119.062624,22.28243775231068,153.727744,31.68349003298822,photos/2025/04/16/photo_20250416_030002.jpg,2025-04-16 03:00:13,3,Cultivo3,0,Exponential
1371,28.375,9.335808,74.875904,27.87492068049242,183.92688,36.65975271964611,116.591984,22.79207704845664,151.352992,32.283116650161524,photos/2025/04/16/photo_20250416_040002.jpg,2025-04-16 04:00:13,4,Cultivo3,0,Exponential
1372,28.3125,9.319531,67.855232,24.842075292791787,177.167472,33.278188429198124,111.155792,18.92303068290532,144.958544,28.948677230575907,photos/2025/04/16/photo_20250416_050002.jpg,2025-04-16 05:00:13,5,Cultivo3,0,Exponential
1373,28.1875,9.326042,65.662608,24.81538897236148,174.832496,33.43050999326788,109.39752,18.531443727846355,142.813232,28.98060285284238,photos/2025/04/16/photo_20250416_060002.jpg,2025-04-16 06:00:13,6,Cultivo3,0,Exponential
1374,28.0625,9.293489,65.92848,25.58796771972327,175.595904,34.072225439832714,110.37912,18.981150357383505,143.589936,29.64161816628613,photos/2025/04/16/photo_20250416_070002.jpg,2025-04-16 07:00:13,7,Cultivo3,0,Exponential
1375,28.0,9.290235,64.236432,26.83004605718477,172.855568,35.20102116980949,108.096688,20.44740658150505,141.099088,30.82100721209896,photos/2025/04/16/photo_20250416_080002.jpg,2025-04-16 08:00:13,8,Cultivo3,0,Exponential
1376,27.875,9.303255,60.498976,23.909369600255047,167.928816,32.425476478197574,103.42072,17.050907745672195,136.382016,27.94311335151729,photos/2025/04/16/photo_20250416_090002.jpg,2025-04-16 09:00:13,9,Cultivo3,0,Exponential
1377,27.875,9.234896,62.276112,25.21923279347697,169.879488,33.547908263524505,105.247696,18.093584337091865,138.27472,29.11595440512984,photos/2025/04/16/photo_20250416_100002.jpg,2025-04-16 10:00:13,10,Cultivo3,0,Exponential
1378,27.8125,9.326042,59.640336,25.960678736095943,167.180432,34.237165365920355,103.456096,18.68890670443576,135.856592,29.79665528453716,photos/2025/04/16/photo_20250416_110002.jpg,2025-04-16 11:00:13,11,Cultivo3,0,Exponential
1379,27.8125,9.322786,58.017936,24.747190474603457,167.050816,33.430187222541,103.676736,17.554385842287505,135.665568,28.84013084639832,photos/2025/04/16/photo_20250416_120002.jpg,2025-04-16 12:00:13,12,Cultivo3,0,Exponential
1380,27.875,9.293489,56.204688,24.65628126562479,162.551344,33.0023752447254,99.24752,16.952370183035054,131.487248,28.48365056284913,photos/2025/04/16/photo_20250416_130002.jpg,2025-04-16 13:00:13,13,Cultivo3,0,Exponential
1381,27.9375,9.339063,54.553824,23.054212057453103,161.595408,31.82791933685795,98.894272,15.687089181139502,130.631728,27.17599425474652,photos/2025/04/16/photo_20250416_140002.jpg,2025-04-16 14:00:13,14,Cultivo3,0,Exponential
1382,28.0625,9.430208,50.069808,22.93443370317601,157.145872,31.704303073236225,94.452432,14.986854201036854,126.17848,26.973269154657544,photos/2025/04/16/photo_20250416_150002.jpg,2025-04-16 15:00:13,15,Cultivo3,0,Exponential
1383,28.1875,9.326042,48.164192,22.621831563968115,153.434528,31.123958382847384,90.558384,14.570759245390612,122.614448,26.47628322962451,photos/2025/04/16/photo_20250416_160002.jpg,2025-04-16 16:00:13,16,Cultivo3,0,Exponential
1384,28.3125,9.400911,47.49528,24.22994916260453,153.275456,32.571000537165936,90.47576,15.960219350673096,122.418544,27.940915463170924,photos/2025/04/16/photo_20250416_170002.jpg,2025-04-16 17:00:13,17,Cultivo3,0,Exponential
1385,28.375,9.436719,42.457616,21.29980963533186,148.137168,30.06364849681049,85.391568,12.850000295585367,117.308192,25.246750794728733,photos/2025/04/16/photo_20250416_180002.jpg,2025-04-16 18:00:13,18,Cultivo3,0,Exponential
1386,28.5,9.479036,43.321776,24.096971457091943,148.341568,32.20767863881804,85.635936,14.747710744580802,117.597856,27.52959266322813,photos/2025/04/16/photo_20250416_190002.jpg,2025-04-16 19:00:13,19,Cultivo3,0,Exponential
1387,28.5,9.505078,43.352608,22.01258044301031,146.488704,30.66223971598265,83.2868,13.382653384076567,115.810608,25.86600461359149,photos/2025/04/16/photo_20250416_200002.jpg,2025-04-16 20:00:13,20,Cultivo3,0,Exponential
1388,28.5625,9.498568,42.744112,21.668753624972894,146.630704,30.639000839850898,83.632832,13.016484676419203,115.929312,25.719695705949867,photos/2025/04/16/photo_20250416_210002.jpg,2025-04-16 21:00:13,21,Cultivo3,0,Exponential
1389,28.625,9.527864,38.733632,19.836918709604472,141.987536,29.441864965533416,78.945888,11.544477817925593,111.343664,24.304096589980546,photos/2025/04/16/photo_20250416_220002.jpg,2025-04-16 22:00:13,22,Cultivo3,0,Exponential
1390,28.6875,9.547396,36.164416,20.00900412443318,138.749584,29.210538300876003,75.832304,11.305697297333944,108.217056,24.15658367180393,photos/2025/04/16/photo_20250416_230002.jpg,2025-04-16 23:00:13,23,Cultivo3,0,Exponential
1391,28.6875,9.482292,36.853472,20.767648410065497,139.28416,30.01431053838152,76.051648,11.837975567858551,108.679328,24.920939658616728,photos/2025/04/17/photo_20250417_000002.jpg,2025-04-17 00:00:13,0,Cultivo3,0,Exponential
1392,28.625,9.488802,35.96024,19.32191977929481,136.562976,28.96306644717413,72.967136,10.9573093021234,106.055232,23.78235693589212,photos/2025/04/17/photo_20250417_010002.jpg,2025-04-17 01:00:13,1,Cultivo3,0,Exponential
1393,28.625,9.534375,34.64104,18.814305991900525,135.868432,28.749881701693592,72.795056,10.427435912936604,105.443312,23.4620449763156,photos/2025/04/17/photo_20250417_020002.jpg,2025-04-17 02:00:13,2,Cultivo3,0,Exponential
1394,28.625,9.462761,33.031376,18.35554701973221,132.705808,28.39339351094081,69.38992,10.252546588366425,102.384144,23.07490484026454,photos/2025/04/17/photo_20250417_030002.jpg,2025-04-17 03:00:13,3,Cultivo3,0,Exponential
1395,28.625,9.472527,34.824624,20.184197333002867,134.275344,29.80518575150412,71.37168,11.173121106415342,104.103584,24.549722734787537,photos/2025/04/17/photo_20250417_040002.jpg,2025-04-17 04:00:13,4,Cultivo3,0,Exponential
1396,28.5,9.417188,32.73848,19.096506984076854,131.21728,29.11112758725776,68.171152,10.849575442827245,101.11184,23.76612521666921,photos/2025/04/17/photo_20250417_050002.jpg,2025-04-17 05:00:13,5,Cultivo3,0,Exponential
1397,28.4375,9.387891,30.517344,18.292171841054195,127.438048,28.30924403705786,64.114688,10.014397794458937,97.425072,22.955181414983763,photos/2025/04/17/photo_20250417_060002.jpg,2025-04-17 06:00:13,6,Cultivo3,0,Exponential
1398,28.3125,9.469271,29.907504,16.796729507186807,126.756288,27.587286862992816,63.18432,9.319450868478464,96.677792,22.04755854975185,photos/2025/04/17/photo_20250417_070002.jpg,2025-04-17 07:00:13,7,Cultivo3,0,Exponential
1399,28.3125,9.44323,29.962336,17.70142251371409,128.000128,28.43867957524779,65.019824,9.563321045698716,97.963248,22.839181975072925,photos/2025/04/17/photo_20250417_080002.jpg,2025-04-17 08:00:13,8,Cultivo3,0,Exponential
1400,28.3125,9.400911,28.632448,18.26700586836321,124.517472,28.4086955478286,62.275072,9.76946311356443,94.943088,22.968203608995108,photos/2025/04/17/photo_20250417_090002.jpg,2025-04-17 09:00:13,9,Cultivo3,0,Exponential
1401,28.25,9.449739,27.273264,15.99337030867478,122.210944,27.19429672980833,59.15736,8.539710462674012,92.50256,21.483652050952603,photos/2025/04/17/photo_20250417_100002.jpg,2025-04-17 10:00:13,10,Cultivo3,0,Exponential
1402,28.25,9.36836,28.276688,16.803970954578087,123.662448,27.833740004665128,61.771264,9.009824179785976,94.250432,22.15915891484548,photos/2025/04/17/photo_20250417_110002.jpg,2025-04-17 11:00:13,11,Cultivo3,0,Exponential
1403,28.25,9.430208,27.43832,17.62370037710991,121.922144,28.04693870003042,60.413184,9.27337455177995,92.72752,22.515760050453547,photos/2025/04/17/photo_20250417_120002.jpg,2025-04-17 12:00:13,12,Cultivo3,0,Exponential
1404,28.375,9.410677,27.784816,16.688697645820056,120.39072,27.43162980724259,58.53192,8.827175303920502,91.305616,21.84447552267035,photos/2025/04/17/photo_20250417_130002.jpg,2025-04-17 13:00:13,13,Cultivo3,0,Exponential
1405,28.4375,9.508333,26.41264,16.232145022429535,117.4156,27.19749452872452,55.754896,8.644596938573828,88.568384,21.54612270522341,photos/2025/04/17/photo_20250417_140002.jpg,2025-04-17 14:00:13,14,Cultivo3,0,Exponential
1406,28.625,9.498568,25.35144,16.17839940506551,117.41256,27.48855096665519,56.180224,8.635583705019599,88.580736,21.71423186986599,photos/2025/04/17/photo_20250417_150002.jpg,2025-04-17 15:00:13,15,Cultivo3,0,Exponential
1407,28.75,9.501823,24.214208,14.996326906046828,114.819728,26.35171520045737,52.998176,7.753706915581476,85.97296,20.593009416751112,photos/2025/04/17/photo_20250417_160002.jpg,2025-04-17 16:00:13,16,Cultivo3,0,Exponential
1408,28.875,9.485547,23.356192,15.063910142262,112.470368,26.559288581296297,51.580816,7.71553078272234,84.078304,20.73114942504597,photos/2025/04/17/photo_20250417_170002.jpg,2025-04-17 17:00:13,17,Cultivo3,0,Exponential
1409,29.0,9.521355,20.855904,14.57676407986354,109.586816,26.01118342140826,49.2364,7.303772473371826,81.398864,20.189864276648915,photos/2025/04/17/photo_20250417_180002.jpg,2025-04-17 18:00:13,18,Cultivo3,0,Exponential
1410,29.125,9.53112,23.071984,15.4874526125666,112.267072,27.25558145677351,51.252752,8.045690666670202,83.827408,21.309512336079774,photos/2025/04/17/photo_20250417_190002.jpg,2025-04-17 19:00:13,19,Cultivo3,0,Exponential
1411,29.1875,9.579948,20.762112,13.007035144693658,106.242176,24.79656312445384,45.264448,6.583206612241181,78.23232,18.95074825482097,photos/2025/04/17/photo_20250417_200002.jpg,2025-04-17 20:00:13,20,Cultivo3,0,Exponential
1412,29.1875,9.615755,19.334688,13.913628532399448,106.090592,25.56178305771208,46.61432,6.750640854219397,78.397584,19.67981765573411,photos/2025/04/17/photo_20250417_210002.jpg,2025-04-17 21:00:13,21,Cultivo3,0,Exponential
1413,29.1875,9.550652,18.641264,12.962536616341108,103.014976,24.765304111183937,43.527504,6.366336189858654,75.588704,18.88977934228942,photos/2025/04/17/photo_20250417_220002.jpg,2025-04-17 22:00:13,22,Cultivo3,0,Exponential
1414,29.25,9.566927,18.977952,13.21749755756452,102.987024,25.088613664836565,43.157424,6.358998182551714,75.499456,19.1553292768374,photos/2025/04/17/photo_20250417_230002.jpg,2025-04-17 23:00:13,23,Cultivo3,0,Exponential
1415,29.25,9.550652,19.143808,14.214814007217118,104.635648,26.32446861040306,45.017168,6.903751390304839,77.042416,20.241855470360026,photos/2025/04/18/photo_20250418_000002.jpg,2025-04-18 00:00:13,0,Cultivo3,0,Exponential
1416,29.1875,9.586458,17.801136,12.832157278347864,99.535632,24.81511076663926,40.848912,6.212999686906801,72.652544,18.863538011944208,photos/2025/04/18/photo_20250418_010002.jpg,2025-04-18 01:00:13,1,Cultivo3,0,Exponential
1417,29.25,9.579948,18.179056,13.005381935513311,101.714896,25.469825513913204,42.316368,6.304207083278912,74.406304,19.332818238932056,photos/2025/04/18/photo_20250418_020002.jpg,2025-04-18 02:00:13,2,Cultivo3,0,Exponential
1418,29.125,9.53112,17.742848,12.344051710844376,99.199728,24.615496840933684,40.6644,6.016224800395676,72.393904,18.59326995551842,photos/2025/04/18/photo_20250418_030002.jpg,2025-04-18 03:00:13,3,Cultivo3,0,Exponential
1419,29.125,9.557161,17.342736,12.584902853165612,98.973232,24.895978861538584,40.639872,6.004575924601504,72.206704,18.82681686999648,photos/2025/04/18/photo_20250418_040002.jpg,2025-04-18 04:00:13,4,Cultivo3,0,Exponential
1420,29.0,9.576693,16.012272,13.154082847928851,96.119392,25.197019219549283,38.809232,6.099486650367882,69.837104,19.16006703780506,photos/2025/04/18/photo_20250418_050002.jpg,2025-04-18 05:00:13,5,Cultivo3,0,Exponential
1421,28.9375,9.557161,15.71736,11.497060394974708,94.155136,23.83664466365818,36.982048,5.483496934475299,68.103344,17.82409672375192,photos/2025/04/18/photo_20250418_060002.jpg,2025-04-18 06:00:13,6,Cultivo3,0,Exponential
1422,28.875,9.479036,16.113712,11.962801934091528,94.78312,24.470926812558613,37.547264,5.663283639467125,68.681712,18.358064951106805,photos/2025/04/18/photo_20250418_070002.jpg,2025-04-18 07:00:13,7,Cultivo3,0,Exponential
1423,28.8125,9.482292,15.782416,11.229573396038871,91.429168,23.42392056910576,34.893824,5.470312715279081,65.893248,17.49186039306557,photos/2025/04/18/photo_20250418_080002.jpg,2025-04-18 08:00:13,8,Cultivo3,0,Exponential
1424,28.6875,9.53763,15.929456,11.692362272748138,92.97912,23.87936942269624,36.540896,5.51732104776077,67.306352,17.919381809987083,photos/2025/04/18/photo_20250418_090002.jpg,2025-04-18 09:00:13,9,Cultivo3,0,Exponential
1425,28.6875,9.501823,15.921472,11.772299459987243,93.459776,24.28533314636272,37.181872,5.578909692154552,67.77896,18.19115623918392,photos/2025/04/18/photo_20250418_100002.jpg,2025-04-18 10:00:13,10,Cultivo3,0,Exponential
1426,28.75,9.469271,14.305856,10.367418535435712,88.428624,22.50403718150643,34.447152,4.93351518769974,63.835216,16.665919183571724,photos/2025/04/18/photo_20250418_110002.jpg,2025-04-18 11:00:13,11,Cultivo3,0,Exponential
1427,28.8125,9.472527,14.989344,9.218539333648035,85.325328,21.18914896102286,31.420272,4.754919815271757,61.189056,15.52573714284974,photos/2025/04/18/photo_20250418_120002.jpg,2025-04-18 12:00:13,12,Cultivo3,1,Stationary
1428,28.875,9.505078,15.169424,10.438991000265112,87.889936,22.619350254061324,33.980128,4.998996650151308,63.478784,16.762047067149766,photos/2025/04/18/photo_20250418_130002.jpg,2025-04-18 13:00:13,13,Cultivo3,0,Exponential
1429,28.9375,9.534375,16.155968,11.77077295388472,88.923376,24.000107348981253,34.811936,5.556602737552505,64.438064,18.02585842427217,photos/2025/04/18/photo_20250418_140002.jpg,2025-04-18 14:00:13,14,Cultivo3,0,Exponential
1430,29.0625,9.6125,13.732848,9.579387510828862,81.77552,21.242531128130658,29.763376,4.726927734680952,58.459136,15.651724829344015,photos/2025/04/18/photo_20250418_150002.jpg,2025-04-18 15:00:13,15,Cultivo3,1,Stationary
1431,29.1875,9.619011,13.228192,9.62088005952387,82.646608,21.744587788558697,30.340016,4.669296350750935,59.094416,15.97416807282758,photos/2025/04/18/photo_20250418_160002.jpg,2025-04-18 16:00:13,16,Cultivo3,1,Stationary
1432,29.3125,9.570183,12.853424,11.230479303278912,82.467312,23.692684514310656,30.061568,5.095749157506088,58.861936,17.628058382360322,photos/2025/04/18/photo_20250418_170002.jpg,2025-04-18 17:00:13,17,Cultivo3,1,Stationary
1433,29.375,9.690625,12.407728,8.943217127970001,80.4292,21.13309885842585,28.712272,4.406338829234084,57.210016,15.38106021312393,photos/2025/04/18/photo_20250418_180002.jpg,2025-04-18 18:00:13,18,Cultivo3,1,Stationary
1434,29.5,9.635286,13.328592,9.794261821114649,81.489808,22.356225981214628,28.625616,4.836121927488595,57.91536,16.400982533689866,photos/2025/04/18/photo_20250418_190002.jpg,2025-04-18 19:00:13,19,Cultivo3,1,Stationary
1435,29.5625,9.68737,11.96912,10.951458431185502,78.082688,23.69214305829373,27.502496,4.922721851333874,55.420848,17.536244266116277,photos/2025/04/18/photo_20250418_200002.jpg,2025-04-18 20:00:13,20,Cultivo3,1,Stationary
1436,29.5625,9.677605,11.380864,8.56562763011888,76.6392,20.626176750915327,26.460512,4.224049078017916,54.192192,14.93389454345838,photos/2025/04/18/photo_20250418_210002.jpg,2025-04-18 21:00:13,21,Cultivo3,1,Stationary
1437,29.625,9.732943,11.431152,8.074853971837262,75.306896,19.98075971641679,25.442752,3.9935042197168142,53.100928,14.38530658480437,photos/2025/04/18/photo_20250418_220002.jpg,2025-04-18 22:00:13,22,Cultivo3,1,Stationary
1438,29.625,9.664583,10.175712,8.15275910106511,72.683504,20.02193612720768,24.5352,3.8240969251649455,51.1488,14.399065614129272,photos/2025/04/18/photo_20250418_230002.jpg,2025-04-18 23:00:13,23,Cultivo3,1,Stationary
1439,29.6875,9.684114,9.789072,8.201375788726182,70.638752,19.762465329064995,23.806064,3.7008114486982446,49.68176,14.24718931236614,photos/2025/04/19/photo_20250419_000002.jpg,2025-04-19 00:00:13,0,Cultivo3,1,Stationary
1440,29.625,9.651563,11.581008,8.88516616965603,71.81432,21.06420363881816,23.70376,4.356580046772468,50.549856,15.316746207313876,photos/2025/04/19/photo_20250419_010002.jpg,2025-04-19 01:00:13,1,Cultivo3,1,Stationary
1441,29.5625,9.628777,10.520128,8.56204397871069,70.63016,20.58929358609469,22.769568,3.972734431549132,49.4488,14.869671232411294,photos/2025/04/19/photo_20250419_020002.jpg,2025-04-19 02:00:13,2,Cultivo3,1,Stationary
1442,29.5,9.635286,10.481296,7.595935803566537,70.637488,19.4981310142756,22.838064,3.734010466024968,49.470176,13.910626388808808,photos/2025/04/19/photo_20250419_030002.jpg,2025-04-19 03:00:13,3,Cultivo3,1,Stationary
1443,29.4375,9.648308,9.147568,6.979336719412813,65.97176,18.356208391233743,21.162416,3.431188669452032,46.073312,13.02577634349124,photos/2025/04/19/photo_20250419_040002.jpg,2025-04-19 04:00:13,4,Cultivo3,1,Stationary
1444,29.4375,9.664583,10.861968,8.607393618418993,68.501856,20.82753438492574,22.14824,4.128643744255006,48.052544,15.068062885721709,photos/2025/04/19/photo_20250419_050002.jpg,2025-04-19 05:00:13,5,Cultivo3,1,Stationary
1445,29.375,9.602735,9.335344,6.856539311044894,63.883744,18.231604771452893,19.224064,3.3926945635680203,44.283056,12.912765439705934,photos/2025/04/19/photo_20250419_060002.jpg,2025-04-19 06:00:13,6,Cultivo3,1,Stationary
1446,29.25,9.609245,10.047408,8.232350423639655,64.68424,20.511577014515485,20.46032,3.8831997735805457,45.204368,14.760316857052088,photos/2025/04/19/photo_20250419_070002.jpg,2025-04-19 07:00:13,7,Cultivo3,1,Stationary
1447,29.125,9.544141,10.380448,6.90007047132013,65.949024,18.8149402722258,20.435104,3.685191354501961,45.97008,13.31603307271351,photos/2025/04/19/photo_20250419_080002.jpg,2025-04-19 08:00:13,8,Cultivo3,1,Stationary
1448,29.0,9.495313,9.419648,6.904640787875935,63.876064,18.5619800632342,20.38352,3.4446003478046623,44.629968,13.135330841626182,photos/2025/04/19/photo_20250419_090002.jpg,2025-04-19 09:00:13,9,Cultivo3,1,Stationary
1449,29.0625,9.485547,10.020912,6.8012607797978175,63.627216,18.202572787640324,20.075072,3.605976523530901,44.465168,12.902145663872192,photos/2025/04/19/photo_20250419_100002.jpg,2025-04-19 10:00:13,10,Cultivo3,1,Stationary
1450,29.0,9.53763,9.728832,7.567274052285935,60.065008,19.094461970946863,19.08224,3.637023496731359,42.042624,13.681384988173676,photos/2025/04/19/photo_20250419_110002.jpg,2025-04-19 11:00:13,11,Cultivo3,1,Stationary
1451,29.0,9.397656,8.502928,6.179628154840386,58.40456,16.592748151117103,18.886352,3.0945072995254024,40.87992,11.725994234758945,photos/2025/04/19/photo_20250419_120002.jpg,2025-04-19 12:00:13,12,Cultivo3,1,Stationary
1452,29.0625,9.53112,10.417056,7.769229810686771,60.850272,19.83584587372104,19.306144,3.874472388966529,42.652544,14.20259618267252,photos/2025/04/19/photo_20250419_130002.jpg,2025-04-19 13:00:13,13,Cultivo3,1,Stationary
1453,29.1875,9.592969,9.21408,7.245771143391157,57.962048,18.69513304701777,18.17376,3.5075224523301345,40.48288,13.342110586620093,photos/2025/04/19/photo_20250419_140002.jpg,2025-04-19 14:00:13,14,Cultivo3,1,Stationary
1454,29.25,9.52461,10.155104,6.836552133976307,58.31096,18.469609846404445,17.805632,3.615828362793787,40.684336,13.084842690651806,photos/2025/04/19/photo_20250419_150002.jpg,2025-04-19 15:00:13,15,Cultivo3,1,Stationary
1455,29.375,9.648308,8.229776,6.357049844352646,56.008112,17.564707745802547,16.951696,3.21953334969899,38.862048,12.373666604757702,photos/2025/04/19/photo_20250419_160002.jpg,2025-04-19 16:00:13,16,Cultivo3,1,Stationary
1456,29.4375,9.576693,8.99472,6.938103137087543,57.754624,18.58189007121245,17.463056,3.556389759517368,40.113072,13.18299384520891,photos/2025/04/19/photo_20250419_170002.jpg,2025-04-19 17:00:13,17,Cultivo3,1,Stationary
1457,29.5,9.596224,7.064688,5.169104713606022,51.381936,14.77635722672892,15.014576,2.763486106832455,35.442624,10.310843418199308,photos/2025/04/19/photo_20250419_180002.jpg,2025-04-19 18:00:13,18,Cultivo3,1,Stationary
1458,29.5625,9.664583,7.616464,5.600286210994577,53.613408,16.054872488610304,15.877712,2.996283720995727,37.067952,11.236885267977776,photos/2025/04/19/photo_20250419_190002.jpg,2025-04-19 19:00:13,19,Cultivo3,1,Stationary
1459,29.625,9.632031,7.348496,5.7856361857275465,53.803296,16.556502877612292,16.33792,2.955646551599836,37.296224,11.585037045336712,photos/2025/04/19/photo_20250419_200002.jpg,2025-04-19 20:00:13,20,Cultivo3,1,Stationary
1460,29.625,9.645052,7.818784,5.7805758580183,51.475712,16.32233421092265,14.435264,3.052861077963424,35.413904,11.44743934156386,photos/2025/04/19/photo_20250419_210002.jpg,2025-04-19 21:00:13,21,Cultivo3,1,Stationary
1461,29.625,9.641797,7.425776,5.0983683893198615,50.556368,14.990266930531156,14.151472,2.8203281365514896,34.737632,10.43517719219832,photos/2025/04/19/photo_20250419_220002.jpg,2025-04-19 22:00:13,22,Cultivo3,1,Stationary
1462,29.6875,9.658073,7.106048,4.873177660597241,48.651984,14.33715469902393,13.765984,2.7049084682657933,33.46344,9.958462098456769,photos/2025/04/19/photo_20250419_230002.jpg,2025-04-19 23:00:13,23,Cultivo3,1,Stationary
1463,29.625,9.645052,7.574816,4.472955207638011,47.339648,13.442155751072669,12.959408,2.8311443916098664,32.498864,9.319140663682678,photos/2025/04/20/photo_20250420_000002.jpg,2025-04-20 00:00:13,0,Cultivo3,1,Stationary
1464,29.625,9.641797,6.913232,4.528218358296781,46.6428,13.566436531381408,12.942672,2.6258665834683987,32.004816,9.379742896590717,photos/2025/04/20/photo_20250420_010002.jpg,2025-04-20 01:00:13,1,Cultivo3,1,Stationary
1465,29.5625,9.648308,6.831712,4.291894037088986,44.159536,12.971512335294756,11.48088,2.600608995803868,30.100064,8.95215388584803,photos/2025/04/20/photo_20250420_020002.jpg,2025-04-20 02:00:13,2,Cultivo3,1,Stationary
1466,29.4375,9.592969,6.8936,4.70332132451101,45.64104,13.81543237536922,12.60072,2.7095990552109366,31.324,9.59113507359791,photos/2025/04/20/photo_20250420_030002.jpg,2025-04-20 03:00:13,3,Cultivo3,1,Stationary
1467,29.4375,9.557161,6.957136,5.770706158876572,46.128576,16.26610746958915,12.526352,2.8965805145902648,31.596896,11.417593580312095,photos/2025/04/20/photo_20250420_040002.jpg,2025-04-20 04:00:13,4,Cultivo3,1,Stationary
1468,29.375,9.59948,6.256272,5.604910232452969,42.4192,15.568444474641645,11.373488,2.6621744236649856,28.993488,10.926969460644427,photos/2025/04/20/photo_20250420_050002.jpg,2025-04-20 05:00:13,5,Cultivo3,1,Stationary
1469,29.25,9.550652,6.535264,4.651727802182755,43.652064,13.72786584068711,11.48112,2.5639072624227266,29.776832,9.511284458146337,photos/2025/04/20/photo_20250420_060002.jpg,2025-04-20 06:00:13,6,Cultivo3,1,Stationary
1470,29.125,9.498568,6.369424,4.322212852509695,41.545664,13.072027340818408,11.04976,2.490954417130912,28.383568,9.03589262825627,photos/2025/04/20/photo_20250420_070002.jpg,2025-04-20 07:00:13,7,Cultivo3,1,Stationary
1471,29.0625,9.475781,6.70888,4.227594296796229,42.786912,12.994084865978673,11.110736,2.5694826610817985,29.180384,8.94885588287933,photos/2025/04/20/photo_20250420_080002.jpg,2025-04-20 08:00:13,8,Cultivo3,1,Stationary
1472,29.0,9.488802,6.109824,5.583994684238157,42.992448,15.706675490608951,12.45392,2.628167933946383,29.625008,10.997810918539017,photos/2025/04/20/photo_20250420_090002.jpg,2025-04-20 09:00:13,9,Cultivo3,1,Stationary
1473,28.9375,9.452995,6.50424,4.077569579356801,40.40672,12.421172361802247,10.690752,2.45745844774637,27.627888,8.55957269140557,photos/2025/04/20/photo_20250420_100002.jpg,2025-04-20 10:00:13,10,Cultivo3,1,Stationary
1474,28.9375,9.404167,6.341392,4.437453386119565,40.887392,13.27091343647211,11.149504,2.504602863197277,28.029712,9.179931001759,photos/2025/04/20/photo_20250420_110002.jpg,2025-04-20 11:00:13,11,Cultivo3,1,Stationary
1475,29.0,9.439974,6.76408,4.181720724149809,40.96664,12.804563839131736,11.228096,2.562412487012971,28.142384,8.830072185239711,photos/2025/04/20/photo_20250420_120002.jpg,2025-04-20 12:00:13,12,Cultivo3,1,Stationary
1476,29.0625,9.573438,6.503456,4.235237342366541,39.621232,12.752356597985171,11.025232,2.555496831550374,27.260816,8.820482924088907,photos/2025/04/20/photo_20250420_130002.jpg,2025-04-20 13:00:13,13,Cultivo3,1,Stationary
1477,29.1875,9.485547,7.00264,3.972296046618882,40.033392,12.093250554517423,11.483504,2.5845713436467563,27.703712,8.354179159023106,photos/2025/04/20/photo_20250420_140002.jpg,2025-04-20 14:00:13,14,Cultivo3,1,Stationary
1478,29.25,9.514844,6.59464,3.834712338658013,38.4356,11.84953520776237,10.297088,2.3977296074411725,26.372416,8.149964068813064,photos/2025/04/20/photo_20250420_150002.jpg,2025-04-20 15:00:13,15,Cultivo3,1,Stationary
1479,29.3125,9.625521,6.156672,3.62735999703586,38.321376,11.616635548497852,10.267648,2.3329976177476053,26.243136,7.946540686707896,photos/2025/04/20/photo_20250420_160002.jpg,2025-04-20 16:00:13,16,Cultivo3,1,Stationary
1480,29.4375,9.661328,5.712352,3.597070844571177,36.747248,11.495628579007588,9.496944,2.221050793677623,25.041504,7.85694937096988,photos/2025/04/20/photo_20250420_170002.jpg,2025-04-20 17:00:13,17,Cultivo3,1,Stationary
1481,29.5625,9.6125,5.56944,4.238826927354312,37.157248,13.121128345782465,10.068544,2.2950856381407645,25.4388,9.013810656986312,photos/2025/04/20/photo_20250420_180002.jpg,2025-04-20 18:00:13,18,Cultivo3,1,Stationary
1482,29.6875,9.658073,5.647552,3.289274692086388,34.765856,10.863398758549923,8.608,2.1967913891164086,23.62136,7.388018932731562,photos/2025/04/20/photo_20250420_190002.jpg,2025-04-20 19:00:13,19,Cultivo3,1,Stationary
1483,29.6875,9.628777,5.204544,3.305556174114124,33.162304,10.749319299917738,8.275424,2.120004186803413,22.5288,7.313141223851758,photos/2025/04/20/photo_20250420_200002.jpg,2025-04-20 20:00:13,20,Cultivo3,1,Stationary
1484,29.75,9.700391,5.768496,3.058381032596168,33.053296,10.549609639052244,7.434384,2.208360001898241,22.274064,7.147688362254191,photos/2025/04/20/photo_20250420_210002.jpg,2025-04-20 21:00:13,21,Cultivo3,1,Stationary
1485,29.8125,9.52461,5.75552,3.083843025794925,34.239872,10.59443917456776,8.256016,2.1438371042595565,23.216608,7.170963183166959,photos/2025/04/20/photo_20250420_220002.jpg,2025-04-20 22:00:13,22,Cultivo3,1,Stationary
1486,29.75,9.609245,5.349104,3.177235147271287,32.529696,10.298821590239536,8.213712,2.1169030202595485,22.160784,7.002513013579054,photos/2025/04/20/photo_20250420_230002.jpg,2025-04-20 23:00:13,23,Cultivo3,1,Stationary
1487,29.75,9.641797,5.338336,2.8786056366345147,32.27368,9.885412042884202,7.563856,2.092047980115179,21.810848,6.66818337487025,photos/2025/04/21/photo_20250421_000002.jpg,2025-04-21 00:00:13,0,Cultivo3,1,Stationary
1488,29.6875,9.625521,5.766896,3.517041238823338,34.702384,11.7767044930466,8.445696,2.2592703523890187,23.54664,8.010967526485175,photos/2025/04/21/photo_20250421_010002.jpg,2025-04-21 01:00:13,1,Cultivo3,1,Stationary
1489,29.625,9.651563,5.145696,2.937241385125846,31.091008,10.023331459347038,7.379248,2.0882731324192245,21.0476,6.767595011523664,photos/2025/04/21/photo_20250421_020002.jpg,2025-04-21 02:00:13,2,Cultivo3,1,Stationary
1490,29.625,9.645052,5.364368,2.9776421676111453,30.87104,9.928893257478398,7.477392,2.0828797278229967,20.964032,6.729470878380855,photos/2025/04/21/photo_20250421_030002.jpg,2025-04-21 03:00:13,3,Cultivo3,1,Stationary
1491,29.5625,9.563672,5.2116,2.752121504108421,29.036048,9.101278841003388,6.889568,1.9667825095825924,19.690576,6.154396216382562,photos/2025/04/21/photo_20250421_040002.jpg,2025-04-21 04:00:13,4,Cultivo3,1,Stationary
1492,29.5,9.521355,4.8936,2.52988868870075,28.30696,8.69887162558455,6.625472,1.9051611585375128,19.14912,5.849939762561663,photos/2025/04/21/photo_20250421_050002.jpg,2025-04-21 05:00:13,5,Cultivo3,1,Stationary
1493,29.4375,9.59948,5.413888,2.863806902049089,29.884336,9.962066343841723,6.998576,2.1269453973847097,20.24616,6.731318834700969,photos/2025/04/21/photo_20250421_060002.jpg,2025-04-21 06:00:13,6,Cultivo3,1,Stationary
1494,29.25,9.547396,5.077056,3.2737380213719,28.505056,10.905813057120683,6.587632,2.0589818777405497,19.284176,7.423915678469416,photos/2025/04/21/photo_20250421_070002.jpg,2025-04-21 07:00:13,7,Cultivo3,1,Stationary
1495,29.25,9.550652,5.144752,2.808353050808249,27.24496,9.398493208935143,6.388496,2.008101306830908,18.48776,6.368489474153192,photos/2025/04/21/photo_20250421_080002.jpg,2025-04-21 08:00:13,8,Cultivo3,1,Stationary
1496,29.1875,9.547396,5.828928,2.9825702948805746,30.037696,10.3965357216519,7.144064,2.2049141413705886,20.42192,7.042338213519711,photos/2025/04/21/photo_20250421_090002.jpg,2025-04-21 09:00:13,9,Cultivo3,1,Stationary
1497,29.125,9.472527,5.024112,2.608963009638887,27.26928,8.838620722805114,6.582656,1.8951671724299155,18.544928,5.964082953381517,photos/2025/04/21/photo_20250421_100002.jpg,2025-04-21 10:00:13,10,Cultivo3,1,Stationary
1498,29.125,9.485547,5.214496,2.625645457693022,27.719984,8.773868875230812,6.878864,1.925809820824476,18.908496,5.918553456545274,photos/2025/04/21/photo_20250421_110002.jpg,2025-04-21 11:00:13,11,Cultivo3,1,Stationary
1499,29.1875,9.505078,5.558592,3.2682866914051467,29.067264,10.696349449896632,7.604528,2.1813333027155664,19.966704,7.292463738434631,photos/2025/04/21/photo_20250421_120002.jpg,2025-04-21 12:00:13,12,Cultivo3,1,Stationary
1500,29.375,9.6125,5.289664,2.713286354515498,27.313696,8.550420505424514,7.69328,1.916738575576753,18.932176,5.803631268871585,photos/2025/04/21/photo_20250421_130002.jpg,2025-04-21 13:00:13,13,Cultivo3,1,Stationary
1501,29.375,9.596224,5.058032,2.3060270747274414,26.124944,8.134445586323878,6.153568,1.8518164830716888,17.747232,5.447216935112461,photos/2025/04/21/photo_20250421_140002.jpg,2025-04-21 14:00:13,14,Cultivo3,1,Stationary
1502,29.4375,9.534375,5.321696,2.4723189924409024,27.261328,8.535121538467745,6.861296,1.867233162618959,18.642656,5.740922684174034,photos/2025/04/21/photo_20250421_150002.jpg,2025-04-21 15:00:13,15,Cultivo3,1,Stationary
1503,29.5625,9.609245,5.204112,2.3001654132379263,25.504656,8.081674722584669,6.010912,1.8659523818833104,17.348672,5.436886961894278,photos/2025/04/21/photo_20250421_160002.jpg,2025-04-21 16:00:13,16,Cultivo3,1,Stationary
1504,29.625,9.684114,5.054112,2.220951111573598,25.3868,7.930451800496615,5.8196,1.855478345725436,17.208624,5.31170594316214,photos/2025/04/21/photo_20250421_170002.jpg,2025-04-21 17:00:13,17,Cultivo3,1,Stationary
1505,29.6875,9.583203,4.723904,2.351581975096764,25.077616,8.224150275654257,6.05512,1.8258836213691167,17.06856,5.517235859232411,photos/2025/04/21/photo_20250421_180002.jpg,2025-04-21 18:00:13,18,Cultivo3,1,Stationary
1506,29.8125,9.641797,4.358672,2.1009649455428807,22.628176,7.617836104368746,5.48824,1.690030294526107,15.412144,5.097981691146409,photos/2025/04/21/photo_20250421_190002.jpg,2025-04-21 19:00:13,19,Cultivo3,1,Stationary
1507,29.875,9.651563,4.940368,2.087445985903348,23.675216,8.136743534937304,5.079456,1.8689751267943613,15.947136,5.417393228989751,photos/2025/04/21/photo_20250421_200002.jpg,2025-04-21 20:00:13,20,Cultivo3,1,Stationary
1508,29.875,9.719922,4.500672,1.997692907731316,23.635792,7.479594142247024,5.34408,1.7255583294736807,15.98352,4.976053095536662,photos/2025/04/21/photo_20250421_210002.jpg,2025-04-21 21:00:13,21,Cultivo3,1,Stationary
1509,29.875,9.664583,4.91184,2.0238106141277155,22.488752,7.642220716682815,5.235488,1.762898696579018,15.287712,5.099092253044262,photos/2025/04/21/photo_20250421_220002.jpg,2025-04-21 22:00:13,22,Cultivo3,1,Stationary
1510,29.875,9.658073,4.517072,1.9094496489784687,21.418672,7.082663464856707,5.223504,1.7267161164522673,14.63504,4.725419367463591,photos/2025/04/21/photo_20250421_230002.jpg,2025-04-21 23:00:13,23,Cultivo3,1,Stationary
1511,29.8125,9.602735,4.52488,2.2850852458356994,23.327776,8.405056745425577,5.813792,1.811740871537649,15.940448,5.618908573673005,photos/2025/04/22/photo_20250422_000002.jpg,2025-04-22 00:00:13,0,Cultivo3,1,Stationary
1512,29.8125,9.68086,4.608784,1.825842106715693,21.380352,7.029196565475744,4.878688,1.7753574404451626,14.510224,4.689222480307796,photos/2025/04/22/photo_20250422_010002.jpg,2025-04-22 01:00:13,1,Cultivo3,1,Stationary
1513,29.75,9.645052,4.541328,1.769280714414759,21.24208,6.892213960230776,4.68744,1.6867115925421277,14.3724,4.584197884035985,photos/2025/04/22/photo_20250422_020002.jpg,2025-04-22 02:00:13,2,Cultivo3,1,Stationary
1514,29.75,9.547396,4.58544,1.8509896924618463,20.354544,6.932989726810794,4.60672,1.7877304065210726,13.808064,4.636466819886022,photos/2025/04/22/photo_20250422_030002.jpg,2025-04-22 03:00:13,3,Cultivo3,1,Stationary
1515,29.625,9.589714,4.647728,1.6598489068586937,20.716256,6.489590537350104,4.38992,1.7549246245967376,13.980528,4.297957287039507,photos/2025/04/22/photo_20250422_040002.jpg,2025-04-22 04:00:13,4,Cultivo3,1,Stationary
1516,29.5625,9.579948,4.45984,1.7410103108252974,20.721312,6.63513775280182,4.70176,1.6676987660845708,14.065488,4.4101971976155445,photos/2025/04/22/photo_20250422_050002.jpg,2025-04-22 05:00:13,5,Cultivo3,1,Stationary
1517,29.4375,9.52461,4.310448,1.8468007669740667,20.616992,7.377784550387466,4.651152,1.7375448308737245,13.97424,4.892784117698225,photos/2025/04/22/photo_20250422_060002.jpg,2025-04-22 06:00:13,6,Cultivo3,1,Stationary
1518,29.4375,9.645052,4.168144,1.912199611404625,19.885728,7.309325407314686,4.766512,1.7522920975864726,13.56472,4.874385635298053,photos/2025/04/22/photo_20250422_070002.jpg,2025-04-22 07:00:13,7,Cultivo3,1,Stationary
1519,29.3125,9.452995,4.199296,1.7494629008927285,19.427664,6.546867304528479,4.76672,1.6919081252786747,13.305792,4.373036845572651,photos/2025/04/22/photo_20250422_080002.jpg,2025-04-22 08:00:13,8,Cultivo3,1,Stationary
1520,29.25,9.518099,4.577616,1.8734876836702183,19.140896,6.908350043040958,4.616944,1.76350779883277,13.08928,4.633098000431245,photos/2025/04/22/photo_20250422_090002.jpg,2025-04-22 09:00:13,9,Cultivo3,1,Stationary
1521,29.25,9.550652,4.609456,1.626350824716488,18.552352,5.922018175258836,4.487712,1.679372318476162,12.718176,3.968681296479222,photos/2025/04/22/photo_20250422_100002.jpg,2025-04-22 10:00:13,10,Cultivo3,1,Stationary
1522,29.25,9.59948,4.640128,1.6411015380457117,18.545168,5.939461916013605,4.467232,1.7000318066483344,12.708704,3.969811411186179,photos/2025/04/22/photo_20250422_110002.jpg,2025-04-22 11:00:13,11,Cultivo3,1,Stationary
1523,29.3125,9.540886,4.242672,1.6513799635262625,18.421456,5.915665206894657,4.451008,1.6583287672883202,12.606096,3.9642996403884494,photos/2025/04/22/photo_20250422_120002.jpg,2025-04-22 12:00:13,12,Cultivo3,1,Stationary
1524,29.375,9.586458,4.460816,1.604670812666573,18.045856,5.60973236681252,4.523824,1.640102623052594,12.42896,3.765187023030861,photos/2025/04/22/photo_20250422_130002.jpg,2025-04-22 13:00:13,13,Cultivo3,1,Stationary
1525,29.4375,9.602735,5.365616,1.714070868565241,18.308048,6.2142161556946185,4.333744,1.91686539447714,12.60712,4.1877379700263,photos/2025/04/22/photo_20250422_140002.jpg,2025-04-22 14:00:13,14,Cultivo3,1,Stationary
1526,29.5625,9.579948,4.367808,1.7447385136529772,18.280976,6.581896116426026,4.544176,1.6858698867753703,12.578912,4.38971125431457,photos/2025/04/22/photo_20250422_150002.jpg,2025-04-22 15:00:13,15,Cultivo3,1,Stationary
1527,29.6875,9.651563,4.82024,1.5711083198506717,18.411744,5.7798715278511175,4.244464,1.7265521545554308,12.5784,3.861184978733861,photos/2025/04/22/photo_20250422_160002.jpg,2025-04-22 16:00:13,16,Cultivo3,1,Stationary
1528,29.8125,9.700391,4.61464,1.58922639965991,17.520112,5.780961469120513,4.273568,1.6905175747090002,12.038816,3.867629418409163,photos/2025/04/22/photo_20250422_170002.jpg,2025-04-22 17:00:13,17,Cultivo3,1,Stationary
1529,29.875,9.635286,3.866096,1.495285128106342,16.013824,5.165513420466934,4.073392,1.571650635091654,11.047504,3.4556248884946985,photos/2025/04/22/photo_20250422_180002.jpg,2025-04-22 18:00:13,18,Cultivo3,1,Stationary
1530,29.9375,9.68737,3.650608,1.4751356067507826,15.1496,4.964264682709817,3.799264,1.551532542467608,10.429184,3.305286839919344,photos/2025/04/22/photo_20250422_190002.jpg,2025-04-22 19:00:13,19,Cultivo3,1,Stationary
1531,29.875,9.654818,3.788528,1.41099188406454,15.058464,4.769782171200693,3.595152,1.6158018421873397,10.309984,3.188239313436807,photos/2025/04/22/photo_20250422_200002.jpg,2025-04-22 20:00:13,20,Cultivo3,1,Stationary
1532,30.0,9.654818,3.936128,1.46254370331146,15.101232,5.035973796811893,3.798352,1.5926783628893812,10.424288,3.351591218071798,photos/2025/04/22/photo_20250422_210002.jpg,2025-04-22 21:00:13,21,Cultivo3,1,Stationary
1533,30.0,9.700391,4.202736,1.607753491552732,15.546512,6.143890350084058,3.96152,1.6076424087165653,10.761616,4.067029022338542,photos/2025/04/22/photo_20250422_220002.jpg,2025-04-22 22:00:13,22,Cultivo3,1,Stationary
1534,30.0,9.651563,3.894832,1.5639515647538451,15.502736,5.644413212576131,3.995152,1.5997686369522317,10.721888,3.762284108816877,photos/2025/04/22/photo_20250422_230002.jpg,2025-04-22 23:00:13,23,Cultivo3,1,Stationary
1535,30.0,9.619011,3.70072,1.4870805245177547,14.628496,5.329235665457477,3.98944,1.512587016207663,10.197888,3.5371186493325326,photos/2025/04/23/photo_20250423_000002.jpg,2025-04-23 00:00:13,0,Cultivo3,1,Stationary
1536,30.0,9.716667,4.193696,1.488113273882066,14.854688,5.308734352240278,3.710064,1.587647901640663,10.25832,3.528799055996246,photos/2025/04/23/photo_20250423_010002.jpg,2025-04-23 01:00:13,1,Cultivo3,1,Stationary
1537,29.9375,9.648308,4.157856,1.5320303285979686,14.85416,5.696148408740769,3.596016,1.579045750845744,10.230768,3.7691688911716335,photos/2025/04/23/photo_20250423_020002.jpg,2025-04-23 02:00:13,2,Cultivo3,1,Stationary
1538,29.875,9.648308,3.984112,1.356826130314419,13.149264,4.328078587353053,3.383936,1.5333687004292218,9.129392,2.871996119484844,photos/2025/04/23/photo_20250423_030002.jpg,2025-04-23 03:00:13,3,Cultivo3,1,Stationary
1539,29.8125,9.573438,4.116672,1.3738202701896636,13.7536,4.664698815572127,3.531904,1.537609717846502,9.548992,3.081918847720686,photos/2025/04/23/photo_20250423_040002.jpg,2025-04-23 04:00:13,4,Cultivo3,1,Stationary
1540,29.75,9.684114,3.690096,1.3626226078617658,13.09136,4.60175329090989,3.465888,1.479970104692659,9.100528,3.0338764182504208,photos/2025/04/23/photo_20250423_050002.jpg,2025-04-23 05:00:13,5,Cultivo3,1,Stationary
1541,29.6875,9.563672,3.939088,1.3605968196346778,12.7184,4.390232504093604,3.39712,1.457521776254475,8.895248,2.8841059305261307,photos/2025/04/23/photo_20250423_060002.jpg,2025-04-23 06:00:13,6,Cultivo3,1,Stationary
1542,29.625,9.661328,3.967488,1.4877906518539497,12.978048,5.07754567775574,3.468016,1.4574275178738736,9.081088,3.362087556304268,photos/2025/04/23/photo_20250423_070002.jpg,2025-04-23 07:00:13,7,Cultivo3,1,Stationary
1543,29.4375,9.619011,3.871008,1.2851110687936669,12.503248,3.9920287386861335,3.306192,1.4359613727172469,8.729632,2.6349021129021093,photos/2025/04/23/photo_20250423_080002.jpg,2025-04-23 08:00:13,8,Cultivo3,1,Stationary
1544,28.6875,9.479036,5.071712,2.187170303880336,16.489216,5.245932110249235,6.597232,1.7286970206071393,12.22976,3.543662842653065,photos/2025/04/23/photo_20250423_090002.jpg,2025-04-23 09:00:13,9,Cultivo3,1,Stationary
1545,28.5625,9.189323,5.84256,2.267306543946804,17.005488,4.810174412831202,6.547424,1.866190945857364,12.586096,3.3082048725530893,photos/2025/04/23/photo_20250423_100002.jpg,2025-04-23 10:00:13,10,Cultivo3,1,Stationary
1546,28.4375,9.410677,4.209536,1.4633734572746628,13.492832,4.602082639390127,3.811888,1.5648740092109652,9.497456,3.071048278367502,photos/2025/04/23/photo_20250423_110002.jpg,2025-04-23 11:00:13,11,Cultivo3,1,Stationary
1547,28.3125,9.45625,4.014016,1.4076161785032169,13.147456,4.2996465817627385,3.944496,1.4979864991861576,9.33184,2.8906902660783285,photos/2025/04/23/photo_20250423_120002.jpg,2025-04-23 12:00:13,12,Cultivo3,1,Stationary
1548,28.3125,9.45625,4.422288,1.3903743956215535,12.429632,3.854114729036488,3.6052,1.504550712025354,8.849024,2.5833354887478324,photos/2025/04/23/photo_20250423_130002.jpg,2025-04-23 13:00:13,13,Cultivo3,1,Stationary
1549,28.375,9.472527,4.580592,1.4605544867946558,13.8332,4.2877054189857775,4.117152,1.6144500393434291,9.818208,2.892535162921274,photos/2025/04/23/photo_20250423_140002.jpg,2025-04-23 14:00:13,14,Cultivo3,1,Stationary
1550,28.375,9.433464,4.314768,1.5181295101538603,13.002752,4.88360117397971,3.83648,1.5285369168508818,9.253136,3.251914230957514,photos/2025/04/23/photo_20250423_150002.jpg,2025-04-23 15:00:13,15,Cultivo3,1,Stationary
1551,28.4375,9.547396,4.077488,1.4263473933092177,12.725728,4.500326084853852,3.75944,1.5262383856580204,9.0388,3.005895300904541,photos/2025/04/23/photo_20250423_160002.jpg,2025-04-23 16:00:13,16,Cultivo3,1,Stationary
1552,28.5625,9.544141,3.671024,1.312234505774025,11.313536,3.9480910800922513,3.348816,1.3686017650960414,8.052112,2.630136943099352,photos/2025/04/23/photo_20250423_170002.jpg,2025-04-23 17:00:13,17,Cultivo3,1,Stationary
1553,28.75,9.592969,3.93784,1.4015631867311584,12.174896,4.285792737543896,3.51344,1.4651771682632786,8.625424,2.856430783377045,photos/2025/04/23/photo_20250423_180002.jpg,2025-04-23 18:00:13,18,Cultivo3,1,Stationary
1554,28.75,9.521355,3.97096,1.3094997053837012,10.763552,3.8019442846122815,2.88096,1.3676741857620915,7.631552,2.508957965230984,photos/2025/04/23/photo_20250423_190002.jpg,2025-04-23 19:00:13,19,Cultivo3,1,Stationary
1555,28.9375,9.664583,3.82648,1.3893249377507049,11.32432,4.6027922544472935,3.255312,1.4172151599527856,8.045072,3.045936393757427,photos/2025/04/23/photo_20250423_200002.jpg,2025-04-23 20:00:13,20,Cultivo3,1,Stationary
1556,29.0,9.622266,3.671008,1.2866188919241004,11.242848,4.033940114688863,3.194288,1.3472773522686412,7.974144,2.6632257634800696,photos/2025/04/23/photo_20250423_210002.jpg,2025-04-23 21:00:13,21,Cultivo3,1,Stationary
1557,28.9375,9.602735,3.84264,1.4205718937611007,10.774464,4.515050111870742,3.089216,1.3983954485051788,7.682096,3.006698030528506,photos/2025/04/23/photo_20250423_220002.jpg,2025-04-23 22:00:13,22,Cultivo3,1,Stationary
1558,29.0,9.690625,3.525104,1.2426549831324865,10.20312,3.579386297342045,3.090336,1.2632251537964243,7.314592,2.3822157487381364,photos/2025/04/23/photo_20250423_230002.jpg,2025-04-23 23:00:13,23,Cultivo3,1,Stationary
1559,29.0,9.550652,3.486272,1.268574835102762,10.372304,3.592200124099992,3.255088,1.278344062455801,7.459024,2.409036522642196,photos/2025/04/24/photo_20250424_000002.jpg,2025-04-24 00:00:13,0,Cultivo3,1,Stationary
1560,29.0,9.586458,3.729872,1.3109788041368176,11.166608,3.917027670866776,3.086848,1.3421798924197903,7.891856,2.6017718722562897,photos/2025/04/24/photo_20250424_010002.jpg,2025-04-24 01:00:13,1,Cultivo3,1,Stationary
1561,28.875,9.671094,3.682864,1.2917030867254284,10.581248,3.854826424431585,3.146912,1.318830071504286,7.55928,2.569910092123847,photos/2025/04/24/photo_20250424_020002.jpg,2025-04-24 02:00:13,2,Cultivo3,1,Stationary
1562,28.8125,9.605989,3.657824,1.324897822475379,10.09192,3.773594402370239,2.9976,1.3106714252717957,7.225248,2.532960192836832,photos/2025/04/24/photo_20250424_030002.jpg,2025-04-24 03:00:13,3,Cultivo3,1,Stationary
1563,28.8125,9.514844,3.589984,1.3584218279518332,9.744944,4.576016000503494,2.835312,1.3286560426777128,6.96512,3.020246245854798,photos/2025/04/24/photo_20250424_040002.jpg,2025-04-24 04:00:13,4,Cultivo3,1,Stationary
1564,28.75,9.583203,3.575904,1.2905291242525294,10.087408,3.429247124593968,3.274384,1.275911667312436,7.302096,2.3327207305599185,photos/2025/04/24/photo_20250424_050002.jpg,2025-04-24 05:00:13,5,Cultivo3,1,Stationary
1565,28.6875,9.547396,3.420544,1.2716514340022584,9.40528,3.3369309434868444,3.05952,1.2238981755293208,6.815888,2.281699097483277,photos/2025/04/24/photo_20250424_060002.jpg,2025-04-24 06:00:13,6,Cultivo3,1,Stationary
1566,28.625,9.605989,3.483936,1.260728627827575,9.457216,3.778978900357079,3.001824,1.290735429088394,6.834208,2.52366737363227,photos/2025/04/24/photo_20250424_070002.jpg,2025-04-24 07:00:13,7,Cultivo3,1,Stationary
1567,28.6875,9.547396,3.721536,1.2936358101165877,8.879584,3.305761634925301,2.752528,1.3067432038101443,6.465504,2.2496670922569857,photos/2025/04/24/photo_20250424_080002.jpg,2025-04-24 08:00:13,8,Cultivo3,1,Stationary
1568,28.5625,9.482292,4.12032,1.3142440500546313,9.15904,3.3116694095878594,2.537664,1.3670241759383774,6.644464,2.2610887096051764,photos/2025/04/24/photo_20250424_090002.jpg,2025-04-24 09:00:13,9,Cultivo3,1,Stationary
1569,28.625,9.550652,3.967552,1.356467723086694,9.98112,4.010756979125013,2.983168,1.3708402997052571,7.182048,2.677917572610479,photos/2025/04/24/photo_20250424_100002.jpg,2025-04-24 10:00:13,10,Cultivo3,1,Stationary
1570,28.625,9.638542,3.666192,1.2995202525486087,9.029136,3.1841707073434367,3.087904,1.2864261421224306,6.64136,2.185618756874126,photos/2025/04/24/photo_20250424_110002.jpg,2025-04-24 11:00:13,11,Cultivo3,1,Stationary
1571,28.75,9.540886,3.934032,1.3364103191699772,10.190896,3.573644458698151,3.468896,1.3675731143072387,7.463088,2.4173170053296693,photos/2025/04/24/photo_20250424_120002.jpg,2025-04-24 12:00:13,12,Cultivo3,1,Stationary
1572,28.8125,9.53763,3.738432,1.2979792510144377,9.560704,3.3733133599450853,3.413456,1.3003254136469071,7.057392,2.29292175146384,photos/2025/04/24/photo_20250424_130002.jpg,2025-04-24 13:00:13,13,Cultivo3,1,Stationary
1573,29.0,9.667839,4.087632,1.3613600619615664,10.189072,3.2471544125304543,3.920736,1.3452080257625585,7.613744,2.2455231689884654,photos/2025/04/24/photo_20250424_140002.jpg,2025-04-24 14:00:13,14,Cultivo3,1,Stationary
1574,29.125,9.625521,4.390528,1.3473479800912609,9.408672,3.2508748355505785,3.042112,1.3997485064167778,6.964656,2.233572654216558,photos/2025/04/24/photo_20250424_150002.jpg,2025-04-24 15:00:13,15,Cultivo3,1,Stationary
1575,29.3125,9.700391,3.848416,1.276842097651859,8.448768,2.953958578276953,3.018608,1.311609046531778,6.301632,2.0693559714500545,photos/2025/04/24/photo_20250424_160002.jpg,2025-04-24 16:00:13,16,Cultivo3,1,Stationary
1576,29.4375,9.713411,3.766224,1.2630788415613652,7.936688,2.784426617933394,2.5428,1.2816570453221876,5.857184,1.96680136011342,photos/2025/04/24/photo_20250424_170002.jpg,2025-04-24 17:00:13,17,Cultivo3,1,Stationary
1577,29.5625,9.703646,3.763888,1.2828641830903222,8.160112,3.5418340090207505,2.605088,1.3145261973258655,5.986288,2.4070205609956887,photos/2025/04/24/photo_20250424_180002.jpg,2025-04-24 18:00:13,18,Cultivo3,1,Stationary
1578,29.6875,9.739453,3.463824,1.2273042491314043,7.291952,2.9496081145969204,2.705008,1.262855216176423,5.448336,2.0556193303002384,photos/2025/04/24/photo_20250424_190002.jpg,2025-04-24 19:00:13,19,Cultivo3,1,Stationary
1579,29.6875,9.775261,3.5092,1.2608948483105165,7.82992,4.017473931912938,2.595248,1.2542517131740345,5.72024,2.680917444159741,photos/2025/04/24/photo_20250424_200002.jpg,2025-04-24 20:00:13,20,Cultivo3,1,Stationary
1580,29.75,9.729688,3.504688,1.245259824480016,7.803568,2.881220309066282,2.742256,1.21888884753943,5.774016,2.029440127656887,photos/2025/04/24/photo_20250424_210002.jpg,2025-04-24 21:00:13,21,Cultivo3,1,Stationary
1581,29.8125,9.772005,3.466816,1.2060127228781627,7.523952,2.699152885943292,3.083984,1.2338698562425456,5.695392,1.9034825889237863,photos/2025/04/24/photo_20250424_220002.jpg,2025-04-24 22:00:13,22,Cultivo3,1,Stationary
1582,29.8125,9.762239,3.634624,1.252057536415959,7.7472,3.0196629215857853,2.659248,1.263799184452973,5.736848,2.116400487832112,photos/2025/04/24/photo_20250424_230002.jpg,2025-04-24 23:00:13,23,Cultivo3,1,Stationary
1583,29.75,9.827344,3.53136,1.1619773680136805,6.787504,2.813541087310438,2.713168,1.2049732571306302,5.120816,1.9972489815103167,photos/2025/04/25/photo_20250425_000002.jpg,2025-04-25 00:00:13,0,Cultivo3,1,Stationary
1584,29.6875,9.758985,3.627088,1.1798236044426302,7.197104,2.859608017400986,2.59432,1.2365988194463071,5.365792,2.0100279134221,photos/2025/04/25/photo_20250425_010002.jpg,2025-04-25 01:00:13,1,Cultivo3,1,Stationary
1585,29.6875,9.664583,3.528608,1.2634383014235402,7.46144,3.323699313475875,2.745136,1.2163279090508443,5.532688,2.3186141323333644,photos/2025/04/25/photo_20250425_020002.jpg,2025-04-25 02:00:13,2,Cultivo3,1,Stationary
1586,29.5,9.739453,3.67944,1.2175055904528735,6.96912,2.9415163480082853,2.584096,1.2652309221640134,5.233456,2.081478872355903,photos/2025/04/25/photo_20250425_030002.jpg,2025-04-25 03:00:13,3,Cultivo3,1,Stationary
1587,29.5,9.719922,3.628288,1.1624181453779874,6.959552,2.674040381014468,2.530464,1.2304560898528645,5.215728,1.897983516792493,photos/2025/04/25/photo_20250425_040002.jpg,2025-04-25 04:00:13,4,Cultivo3,1,Stationary
1588,29.375,9.635286,3.384768,1.1345405899905037,6.57192,2.510552830274639,2.580608,1.1997406328769564,4.95184,1.7944493903144776,photos/2025/04/25/photo_20250425_050002.jpg,2025-04-25 05:00:13,5,Cultivo3,1,Stationary
1589,29.3125,9.654818,3.332608,1.132735580089193,6.85584,2.8039603945847738,2.74416,1.1838496181255451,5.149088,1.9797971533104093,photos/2025/04/25/photo_20250425_060002.jpg,2025-04-25 06:00:13,6,Cultivo3,1,Stationary
1590,29.1875,9.638542,3.421952,1.099916226628192,6.860656,2.767692043863262,2.60288,1.1403738464626414,5.125056,1.9599614784132875,photos/2025/04/25/photo_20250425_070002.jpg,2025-04-25 07:00:13,7,Cultivo3,1,Stationary
1591,29.125,9.632031,3.626672,1.154821334059949,7.136896,2.9673927082851708,2.69808,1.2305194855897246,5.348608,2.0999905862493766,photos/2025/04/25/photo_20250425_080002.jpg,2025-04-25 08:00:13,8,Cultivo3,1,Stationary
1592,29.0,9.550652,3.756224,1.205574921995311,7.115568,2.5830222680759065,2.529616,1.2744996123279129,5.351696,1.8446912813758296,photos/2025/04/25/photo_20250425_090002.jpg,2025-04-25 09:00:13,9,Cultivo3,1,Stationary
1593,28.9375,9.495313,3.530928,1.154918802340667,6.761664,2.918426279881676,2.7416,1.217599055032485,5.101552,2.059586169912781,photos/2025/04/25/photo_20250425_100002.jpg,2025-04-25 10:00:13,10,Cultivo3,1,Stationary
1594,29.0,9.586458,3.699344,1.1389992266898166,6.783792,2.703447817276302,2.60296,1.228640699986778,5.117056,1.9247093008722125,photos/2025/04/25/photo_20250425_110002.jpg,2025-04-25 11:00:13,11,Cultivo3,1,Stationary
1595,29.0,9.651563,3.983872,1.199470739284623,7.07712,2.906490066317103,2.50616,1.335555273141475,5.335024,2.050802506197025,photos/2025/04/25/photo_20250425_120002.jpg,2025-04-25 12:00:13,12,Cultivo3,1,Stationary
1596,29.0625,9.579948,3.781616,1.1787109907080702,6.848832,2.610225322798015,3.064128,1.263166033640867,5.285632,1.895514273377017,photos/2025/04/25/photo_20250425_130002.jpg,2025-04-25 13:00:13,13,Cultivo3,1,Stationary
1597,29.125,9.619011,4.203888,1.2361880044459257,7.314288,2.5615915078435125,2.828608,1.3378361945529804,5.614912,1.8352970419678665,photos/2025/04/25/photo_20250425_140002.jpg,2025-04-25 14:00:13,14,Cultivo3,1,Stationary
1598,29.1875,9.625521,3.960688,1.1438258776579588,6.892496,2.450399740855357,2.86704,1.286237367928642,5.299824,1.801690752882969,photos/2025/04/25/photo_20250425_150002.jpg,2025-04-25 15:00:13,15,Cultivo3,1,Stationary
1599,29.25,9.557161,3.460368,1.1094640494653265,6.154144,2.415049404725295,2.809712,1.1827887827401813,4.736144,1.766432566293998,photos/2025/04/25/photo_20250425_160002.jpg,2025-04-25 16:00:13,16,Cultivo3,1,Stationary
1600,29.4375,9.684114,3.726496,1.0380239811025562,6.127408,2.336193314247774,2.200784,1.2302502030009992,4.640128,1.7316339519702195,photos/2025/04/25/photo_20250425_170002.jpg,2025-04-25 17:00:13,17,Cultivo3,1,Stationary
1601,29.4375,9.732943,3.677776,1.0329658483105817,6.113904,2.2781119109437973,2.323168,1.20534629622528,4.644176,1.6807799621080683,photos/2025/04/25/photo_20250425_180002.jpg,2025-04-25 18:00:13,18,Cultivo3,1,Stationary
1602,29.5625,9.605989,3.299424,0.9560603336275384,5.121152,1.6691393569429729,2.367408,1.0387421567569115,3.936976,1.2802046615381464,photos/2025/04/25/photo_20250425_190002.jpg,2025-04-25 19:00:13,19,Cultivo3,1,Stationary
1603,29.625,9.723177,3.312176,1.0180441318842717,6.079072,2.7800121616309523,2.590256,1.1032470915547432,4.58416,1.9768189331347472,photos/2025/04/25/photo_20250425_200002.jpg,2025-04-25 20:00:13,20,Cultivo3,1,Stationary
1604,29.625,9.716667,3.617248,1.0338293174716997,5.88536,2.192137238039626,2.273344,1.1683000070598304,4.48,1.6233693356719536,photos/2025/04/25/photo_20250425_210002.jpg,2025-04-25 21:00:13,21,Cultivo3,1,Stationary
1605,29.625,9.671094,3.322128,0.967506006976701,5.34952,1.868439929352828,2.435408,1.0699951175664308,4.110352,1.4260204893675266,photos/2025/04/25/photo_20250425_220002.jpg,2025-04-25 22:00:13,22,Cultivo3,1,Stationary
1606,29.625,9.726433,3.402048,0.9968064835744196,5.558752,2.000668938754236,2.407952,1.1156869658179216,4.256864,1.508558545600402,photos/2025/04/25/photo_20250425_230002.jpg,2025-04-25 23:00:13,23,Cultivo3,1,Stationary
1607,29.625,9.710156,3.276464,0.979702751458829,5.387376,1.908223214045988,2.290528,1.0799405801728166,4.10184,1.4209449723335523,photos/2025/04/26/photo_20250426_000002.jpg,2025-04-26 00:00:13,0,Cultivo3,1,Stationary
1608,29.5625,9.739453,3.511792,0.9527140313861238,5.523264,1.925771218578157,2.22912,1.120045065493349,4.215248,1.4648591394724615,photos/2025/04/26/photo_20250426_010002.jpg,2025-04-26 01:00:13,1,Cultivo3,1,Stationary
1609,29.5,9.674349,3.293312,0.9020298615367452,5.123248,1.7481858970075237,2.128336,1.0067532322550548,3.887696,1.326943786143181,photos/2025/04/26/photo_20250426_020002.jpg,2025-04-26 02:00:13,2,Cultivo3,1,Stationary
1610,29.4375,9.635286,3.248064,0.8936610802401546,4.89648,1.5320377311280555,2.205392,0.9645891622364414,3.744192,1.1836765889110084,photos/2025/04/26/photo_20250426_030002.jpg,2025-04-26 03:00:13,3,Cultivo3,1,Stationary
1611,29.375,9.677605,3.105888,0.9629403503852146,5.114144,1.5474246822588813,2.51104,1.0537341844393204,3.959856,1.1940537924499046,photos/2025/04/26/photo_20250426_040002.jpg,2025-04-26 04:00:13,4,Cultivo3,1,Stationary
1612,29.375,9.609245,3.38648,0.9505433378778686,4.922224,1.5010339415962584,2.180896,1.0271792490115832,3.787648,1.1836463272853086,photos/2025/04/26/photo_20250426_050002.jpg,2025-04-26 05:00:13,5,Cultivo3,1,Stationary
1613,29.25,9.648308,3.265184,0.8984106341668046,5.08392,1.8346829245403689,2.280304,0.989422784326296,3.877776,1.3874484833045155,photos/2025/04/26/photo_20250426_060002.jpg,2025-04-26 06:00:13,6,Cultivo3,1,Stationary
1614,29.1875,9.619011,3.28168,0.9588665127034108,5.182896,1.704170488297459,2.375104,1.03327071844701,3.988064,1.3115675857171831,photos/2025/04/26/photo_20250426_070002.jpg,2025-04-26 07:00:13,7,Cultivo3,1,Stationary
1615,29.1875,9.573438,3.30392,0.8614107411078642,4.906928,1.7061845160521178,2.096848,0.9529074632932624,3.73272,1.2903958313633843,photos/2025/04/26/photo_20250426_080002.jpg,2025-04-26 08:00:13,8,Cultivo3,1,Stationary
1616,29.0625,9.573438,3.460624,0.9861502955959603,5.274176,1.7357867153034674,2.333136,1.0713736652652983,4.06112,1.3482107942009662,photos/2025/04/26/photo_20250426_090002.jpg,2025-04-26 09:00:13,9,Cultivo3,1,Stationary
1617,29.0625,9.638542,3.172848,0.9287994244959458,4.82456,1.4237151422949748,2.408416,0.9981400547498332,3.735856,1.1367901949190096,photos/2025/04/26/photo_20250426_100002.jpg,2025-04-26 10:00:13,10,Cultivo3,1,Stationary
1618,29.0625,9.609245,3.46936,0.9675111306357153,5.304016,1.9719001677934915,2.486064,1.1073017612195872,4.096848,1.5194671647969231,photos/2025/04/26/photo_20250426_110002.jpg,2025-04-26 11:00:13,11,Cultivo3,1,Stationary
1619,29.125,9.664583,3.734048,1.0880883882920542,5.513792,1.8091726785290565,2.576208,1.208088379919284,4.322384,1.42771024950583,photos/2025/04/26/photo_20250426_120002.jpg,2025-04-26 12:00:13,12,Cultivo3,1,Stationary
1620,29.125,9.628777,3.638304,1.0067645157354326,5.519904,2.0322056566164752,2.542816,1.173954004032526,4.282272,1.555913403122423,photos/2025/04/26/photo_20250426_130002.jpg,2025-04-26 13:00:13,13,Cultivo3,1,Stationary
1621,29.3125,9.632031,3.328528,0.9542494572301312,4.940272,1.41642951325366,2.541376,1.0412863934653136,3.862912,1.1489224866177874,photos/2025/04/26/photo_20250426_140002.jpg,2025-04-26 14:00:13,14,Cultivo3,1,Stationary
1622,29.375,9.576693,3.436608,0.9217114604820752,4.870112,1.4462949586636884,2.363296,1.0458744926309276,3.783568,1.1669126742717295,photos/2025/04/26/photo_20250426_150002.jpg,2025-04-26 15:00:13,15,Cultivo3,1,Stationary
1623,29.5,9.726433,3.332304,0.9038677742590452,4.985504,1.6333958081200035,2.374784,0.9836534204606824,3.84256,1.2754468418558258,photos/2025/04/26/photo_20250426_160002.jpg,2025-04-26 16:00:13,16,Cultivo3,1,Stationary
1624,29.625,9.703646,3.308608,0.8765907597048922,4.791136,1.4688634482156604,2.2092,0.9777326333594476,3.674432,1.1654722121852583,photos/2025/04/26/photo_20250426_170002.jpg,2025-04-26 17:00:13,17,Cultivo3,1,Stationary
1625,29.6875,9.697136,3.164352,0.8342877230692058,4.648864,1.3443450113360036,2.241056,0.933927416931316,3.573488,1.0584023402544045,photos/2025/04/26/photo_20250426_180002.jpg,2025-04-26 18:00:13,18,Cultivo3,1,Stationary
1626,29.8125,9.713411,3.233872,0.8265847404737157,4.583504,1.2938821746913434,2.092896,0.936055493876298,3.506816,1.0400930449454993,photos/2025/04/26/photo_20250426_190002.jpg,2025-04-26 19:00:13,19,Cultivo3,1,Stationary
1627,29.875,9.75573,3.121696,0.7497311357653489,4.399408,1.123042852938391,2.110992,0.8391269770326777,3.360816,0.8998687760690443,photos/2025/04/26/photo_20250426_200002.jpg,2025-04-26 20:00:13,20,Cultivo3,1,Stationary
1628,29.9375,9.846875,3.06472,0.7258516407751655,4.266912,0.8903875472264872,2.223328,0.8209965417710358,3.29152,0.7527496858850226,photos/2025/04/26/photo_20250426_210002.jpg,2025-04-26 21:00:13,21,Cultivo3,1,Stationary
1629,30.0,9.781771,3.251392,0.8254047984740577,4.617296,1.3008372874360576,2.171216,0.943136290435269,3.551808,1.0478415582214708,photos/2025/04/26/photo_20250426_220002.jpg,2025-04-26 22:00:13,22,Cultivo3,1,Stationary
1630,30.0,9.794792,3.040624,0.6879473654284898,4.198976,0.9045620771533592,2.21168,0.7715942525861633,3.243504,0.7469951820353329,photos/2025/04/26/photo_20250426_230002.jpg,2025-04-26 23:00:13,23,Cultivo3,1,Stationary
1631,30.0625,9.804558,3.059536,0.728367826900667,4.238112,0.9545547000858569,2.126144,0.7814393544632878,3.252544,0.7818730894870343,photos/2025/04/27/photo_20250427_000002.jpg,2025-04-27 00:00:13,0,Cultivo3,1,Stationary
1632,30.0625,9.736198,3.14984,0.7821353137558743,4.347088,0.996470732262619,2.160176,0.8711165102327013,3.346176,0.8427396852077158,photos/2025/04/27/photo_20250427_010002.jpg,2025-04-27 01:00:13,1,Cultivo3,1,Stationary
1633,30.0625,9.804558,3.155488,0.8151961913944398,4.340672,0.9810232354108642,2.092256,0.9003018837345615,3.332656,0.8292140771019267,photos/2025/04/27/photo_20250427_020002.jpg,2025-04-27 02:00:13,2,Cultivo3,1,Stationary
1634,29.9375,9.791536,3.114992,0.8083853902291901,4.337328,0.9515050291070458,2.163808,0.837124148460669,3.339248,0.8079794517783233,photos/2025/04/27/photo_20250427_030002.jpg,2025-04-27 03:00:13,3,Cultivo3,1,Stationary
1635,29.9375,9.758985,3.0384,0.5910735704597186,4.063552,0.6930693639860298,2.042048,0.6628404332869262,3.09648,0.5834274672999207,photos/2025/04/27/photo_20250427_040002.jpg,2025-04-27 04:00:13,4,Cultivo3,1,Stationary
1636,29.875,9.726433,3.089536,0.6823192194156632,4.101872,0.7854311526900368,1.959104,0.7045788136922654,3.126096,0.6450703828141546,photos/2025/04/27/photo_20250427_050002.jpg,2025-04-27 05:00:13,5,Cultivo3,1,Stationary
1637,29.8125,9.674349,3.096608,0.7151333257512197,4.2528,0.997627265064463,1.94792,0.7685277446754931,3.228912,0.7978165805847858,photos/2025/04/27/photo_20250427_060002.jpg,2025-04-27 06:00:13,6,Cultivo3,1,Stationary
1638,29.6875,9.778516,3.006672,0.6248889821400277,4.113952,0.8149643806302211,2.2476,0.7898984013251324,3.19816,0.6626828912836064,photos/2025/04/27/photo_20250427_070002.jpg,2025-04-27 07:00:13,7,Cultivo3,1,Stationary
1639,29.6875,9.697136,2.996288,0.6691546104869935,4.23736,1.084138473812271,2.095792,0.7264504257387423,3.228544,0.8506136843855735,photos/2025/04/27/photo_20250427_080002.jpg,2025-04-27 08:00:13,8,Cultivo3,1,Stationary
1640,29.5625,9.645052,3.117072,0.6979269186268717,4.164848,0.7743133325056466,2.061984,0.7040952682812177,3.18464,0.6643523691535991,photos/2025/04/27/photo_20250427_090002.jpg,2025-04-27 09:00:13,9,Cultivo3,1,Stationary
1641,29.5,9.648308,3.131536,0.6940297814935609,4.23112,0.9361065888027924,1.99568,0.7692660662631623,3.22832,0.7774818181796923,photos/2025/04/27/photo_20250427_100002.jpg,2025-04-27 10:00:13,10,Cultivo3,1,Stationary
1642,29.5625,9.651563,3.149712,0.7267738024997874,4.214128,0.8343363827713616,2.0372,0.7234820779093287,3.223328,0.710321479624543,photos/2025/04/27/photo_20250427_110002.jpg,2025-04-27 11:00:13,11,Cultivo3,1,Stationary
1643,29.5,9.684114,3.227856,0.7903904446385975,4.442,1.1585421874062247,2.296032,0.8552155536845667,3.44096,0.9515052697699578,photos/2025/04/27/photo_20250427_120002.jpg,2025-04-27 12:00:13,12,Cultivo3,1,Stationary
1644,29.5625,9.667839,3.22248,0.7128221157511879,4.267504,0.800885516153214,2.227536,0.7865816229737382,3.295648,0.7115168726713373,photos/2025/04/27/photo_20250427_130002.jpg,2025-04-27 13:00:13,13,Cultivo3,1,Stationary
1645,29.625,9.703646,3.247408,0.762568569150342,4.41144,1.1211195861280812,2.204688,0.8574504542747645,3.402416,0.9238860118780888,photos/2025/04/27/photo_20250427_140002.jpg,2025-04-27 14:00:13,14,Cultivo3,1,Stationary
1646,29.75,9.700391,3.230592,0.8115687751903716,4.431168,1.144649359313148,2.385056,0.8617072179899621,3.469968,0.9436832514016554,photos/2025/04/27/photo_20250427_150002.jpg,2025-04-27 15:00:13,15,Cultivo3,1,Stationary
1647,29.8125,9.697136,3.177056,0.697971478890076,4.189104,0.8093847522556871,2.099216,0.7620676957226307,3.219136,0.6848148753524561,photos/2025/04/27/photo_20250427_160002.jpg,2025-04-27 16:00:13,16,Cultivo3,1,Stationary
1648,30.0,9.804558,3.070976,0.6270915357234541,4.105264,0.737612018817481,2.093232,0.7188340611184197,3.143168,0.6202313469794961,photos/2025/04/27/photo_20250427_170002.jpg,2025-04-27 17:00:13,17,Cultivo3,1,Stationary
1649,30.0,9.76875,3.000592,0.5324763942185606,3.991264,0.658838130578369,2.01664,0.6181906255646393,3.03768,0.5316579893126784,photos/2025/04/27/photo_20250427_180002.jpg,2025-04-27 18:00:13,18,Cultivo3,1,Stationary
1650,30.1875,9.772005,3.060224,0.7054384248564859,4.098656,0.7982349238563795,1.983856,0.73883494085215,3.124464,0.6781951877623433,photos/2025/04/27/photo_20250427_190002.jpg,2025-04-27 19:00:13,19,Cultivo3,1,Stationary
1651,30.1875,9.830599,3.02424,0.6957129368468004,4.10008,0.8434310840845268,1.986752,0.752258215242612,3.113728,0.7195289723256458,photos/2025/04/27/photo_20250427_200002.jpg,2025-04-27 20:00:13,20,Cultivo3,1,Stationary
1652,30.25,9.830599,3.07784,0.6718171353098997,4.180928,0.9827802698548644,1.966448,0.8018210114483156,3.176224,0.8048559509775647,photos/2025/04/27/photo_20250427_210002.jpg,2025-04-27 21:00:13,21,Cultivo3,1,Stationary
1653,30.25,9.833855,3.018448,0.6400464533141325,4.057856,0.8102423608180456,2.07624,0.7376040071040829,3.102896,0.6776108124757161,photos/2025/04/27/photo_20250427_220002.jpg,2025-04-27 22:00:13,22,Cultivo3,1,Stationary
1654,30.3125,9.83711,2.973744,0.4721637494937535,3.937184,0.5888209831043728,1.985392,0.5223931684698796,2.983616,0.4635726097862125,photos/2025/04/27/photo_20250427_230002.jpg,2025-04-27 23:00:13,23,Cultivo3,1,Stationary
1655,30.3125,9.772005,2.976096,0.5107316016226136,3.94536,0.6699301981550019,2.027152,0.6026645823208794,3.008448,0.5190073518708573,photos/2025/04/28/photo_20250428_000002.jpg,2025-04-28 00:00:13,0,Cultivo3,1,Stationary
1656,30.3125,9.863152,2.923008,0.5110024141469393,3.914752,0.6521079500328147,1.974144,0.5967581016928049,2.96552,0.5205027661790089,photos/2025/04/28/photo_20250428_010002.jpg,2025-04-28 01:00:13,1,Cultivo3,1,Stationary
1657,30.25,9.814323,2.987648,0.5089666393782603,3.98712,0.6699806755422131,2.0664,0.6296978863677406,3.046912,0.5274308146629281,photos/2025/04/28/photo_20250428_020002.jpg,2025-04-28 02:00:13,2,Cultivo3,1,Stationary
1658,30.1875,9.827344,2.987568,0.4566054251802096,3.942944,0.585457609792545,2.002736,0.5292914559824294,2.994,0.4497955090927432,photos/2025/04/28/photo_20250428_030002.jpg,2025-04-28 03:00:13,3,Cultivo3,1,Stationary
1659,30.125,9.794792,2.947728,0.4638896519820204,3.903808,0.6484158381285886,2.002528,0.5880166987560813,2.966896,0.500312027822638,photos/2025/04/28/photo_20250428_040002.jpg,2025-04-28 04:00:13,4,Cultivo3,1,Stationary
1660,30.0625,9.84362,2.939152,0.5588956553203827,3.909904,0.6478230551500926,1.905408,0.6258126883469206,2.951344,0.5242142631252988,photos/2025/04/28/photo_20250428_050002.jpg,2025-04-28 05:00:13,5,Cultivo3,1,Stationary
1661,30.0,9.745964,2.988864,0.4809006853644524,3.948016,0.5344770002011312,1.934896,0.5528146068113613,2.97832,0.4395929680966246,photos/2025/04/28/photo_20250428_060002.jpg,2025-04-28 06:00:13,6,Cultivo3,1,Stationary
1662,29.875,9.713411,3.326768,0.9133268383224048,4.32376,1.0025544685452257,2.63808,0.8414218170311488,3.505696,0.8670222347690973,photos/2025/04/28/photo_20250428_070002.jpg,2025-04-28 07:00:13,7,Cultivo3,1,Stationary
1663,29.8125,9.387891,3.02296,0.5015842781587158,4.01344,0.6586375075866846,2.077648,0.6784694822908397,3.065232,0.5306757825414685,photos/2025/04/28/photo_20250428_080002.jpg,2025-04-28 08:00:13,8,Cultivo3,1,Stationary
1664,29.75,9.348828,2.95768,0.527495598829033,3.964576,0.6913126211953605,2.002096,0.628128185643663,3.008448,0.5540474991334227,photos/2025/04/28/photo_20250428_090002.jpg,2025-04-28 09:00:13,9,Cultivo3,1,Stationary
1665,29.6875,9.371614,3.080352,0.6733532279569171,4.19256,0.98357340671655,2.17952,0.7898199516953215,3.22648,0.794190663254108,photos/2025/04/28/photo_20250428_100002.jpg,2025-04-28 10:00:13,10,Cultivo3,1,Stationary
1666,29.625,9.563672,3.128048,0.6332134536031274,4.146816,0.7818830233123111,2.185776,0.7501064655740545,3.19512,0.6653181085766418,photos/2025/04/28/photo_20250428_110002.jpg,2025-04-28 11:00:13,11,Cultivo3,1,Stationary
1667,29.3125,9.472527,3.401984,0.830981755217285,4.40632,1.0005958512806257,2.542864,0.9143352031634788,3.50376,0.8618502552067848,photos/2025/04/28/photo_20250428_120002.jpg,2025-04-28 12:00:13,12,Cultivo3,1,Stationary
1668,28.4375,9.215364,3.673024,0.9273254722350724,4.677232,1.0701013121083442,2.555888,1.0776115698265307,3.70872,0.9770015156590086,photos/2025/04/28/photo_20250428_130002.jpg,2025-04-28 13:00:13,13,Cultivo3,1,Stationary
1669,27.6875,9.023308,3.620464,0.9368733362925856,4.691408,1.236583591002242,2.480912,1.105665602568878,3.702432,1.0912585786036233,photos/2025/04/28/photo_20250428_140002.jpg,2025-04-28 14:00:13,14,Cultivo3,1,Stationary
1670,27.875,9.140495,3.357408,0.8692703862527471,4.402928,1.0922129036117454,2.573328,0.9727340446062324,3.52072,0.9209748539455352,photos/2025/04/28/photo_20250428_150002.jpg,2025-04-28 15:00:13,15,Cultivo3,1,Stationary
1671,28.1875,9.127474,3.357552,0.8548446979048299,4.426912,1.0578705706540852,2.588592,0.9443964036865028,3.535872,0.9020206203940128,photos/2025/04/28/photo_20250428_160002.jpg,2025-04-28 16:00:13,16,Cultivo3,1,Stationary
1672,28.5625,9.241406,3.171664,0.6822406296432366,4.195472,0.880717149382252,2.269792,0.7653623136162375,3.258944,0.7382926282064585,photos/2025/04/28/photo_20250428_170002.jpg,2025-04-28 17:00:13,17,Cultivo3,1,Stationary
1673,28.875,9.339063,3.093072,0.6478025607359081,4.089824,0.8263048160479278,2.290048,0.7355607403987791,3.204656,0.6634605652666932,photos/2025/04/28/photo_20250428_180002.jpg,2025-04-28 18:00:13,18,Cultivo3,1,Stationary
1674,29.125,9.439974,2.925472,0.4414677978924397,3.860528,0.5778196615000221,1.931632,0.5355348515418955,2.912608,0.4475116069288036,photos/2025/04/28/photo_20250428_190002.jpg,2025-04-28 19:00:13,19,Cultivo3,1,Stationary
1675,29.3125,9.391146,2.87984,0.4752748536331372,3.832112,0.6550890164366977,1.937248,0.5808903290639292,2.89712,0.5045787407332972,photos/2025/04/28/photo_20250428_200002.jpg,2025-04-28 20:00:13,20,Cultivo3,1,Stationary
1676,29.4375,9.420443,2.874736,0.5133148107896361,3.810144,0.6962662560141774,1.936032,0.6078724622023932,2.889184,0.5334039877466233,photos/2025/04/28/photo_20250428_210002.jpg,2025-04-28 21:00:13,21,Cultivo3,1,Stationary
1677,29.5625,9.553906,2.8896,0.4511641131827752,3.84056,0.5956936178942999,1.906176,0.5274579035335427,2.889952,0.46187599818133,photos/2025/04/28/photo_20250428_220002.jpg,2025-04-28 22:00:13,22,Cultivo3,1,Stationary
1678,29.6875,9.602735,2.878288,0.4509047689435099,3.803344,0.6159467652841436,1.916688,0.5417768812490987,2.871248,0.4682722738920168,photos/2025/04/28/photo_20250428_230002.jpg,2025-04-28 23:00:13,23,Cultivo3,1,Stationary
1679,29.75,9.602735,2.91456,0.4096143781851413,3.843696,0.6007737174544173,1.950928,0.5131822350783394,2.909376,0.4372771325189553,photos/2025/04/29/photo_20250429_000002.jpg,2025-04-29 00:00:13,0,Cultivo3,1,Stationary
1680,29.75,9.719922,2.90744,0.4204849616145624,3.850144,0.5694411113223211,1.917584,0.5178036755373604,2.900784,0.4301769233048188,photos/2025/04/29/photo_20250429_010002.jpg,2025-04-29 01:00:13,1,Cultivo3,1,Stationary
1681,29.75,9.615755,2.905344,0.3961244245738957,3.8432,0.5623573241276404,1.920016,0.488786499060684,2.8944,0.4191618303233251,photos/2025/04/29/photo_20250429_020002.jpg,2025-04-29 02:00:13,2,Cultivo3,1,Stationary
1682,29.8125,9.566927,2.910544,0.5364008366287286,3.8536,0.7099796053408859,1.988592,0.6092992894005376,2.933264,0.5582923125961883,photos/2025/04/29/photo_20250429_030002.jpg,2025-04-29 03:00:13,3,Cultivo3,1,Stationary
1683,29.75,9.589714,2.86192,0.4960565838692195,3.818816,0.6077140430696002,1.86216,0.5880186337183543,2.862192,0.4943530672869341,photos/2025/04/29/photo_20250429_040002.jpg,2025-04-29 04:00:13,4,Cultivo3,1,Stationary
1684,29.6875,9.645052,2.904176,0.4284642972477404,3.821328,0.6255336253280075,1.938272,0.5553105086561931,2.891696,0.4568744286825429,photos/2025/04/29/photo_20250429_050002.jpg,2025-04-29 05:00:13,5,Cultivo3,1,Stationary
1685,29.5625,9.605989,2.904576,0.4551211618195752,3.828464,0.6767683508439206,1.983008,0.5499802362121752,2.919088,0.489045241522704,photos/2025/04/29/photo_20250429_060002.jpg,2025-04-29 06:00:13,6,Cultivo3,1,Stationary
1686,29.5,9.602735,2.909952,0.4606934321216225,3.81888,0.6712343447708855,2.00704,0.595707443042304,2.923648,0.486121766737512,photos/2025/04/29/photo_20250429_070002.jpg,2025-04-29 07:00:13,7,Cultivo3,1,Stationary
1687,29.4375,9.335808,2.91336,0.4631445532271755,3.786336,0.6639606126149352,2.039104,0.5390932297849789,2.924272,0.4489379355946654,photos/2025/04/29/photo_20250429_080002.jpg,2025-04-29 08:00:13,8,Cultivo3,1,Stationary
1688,29.375,9.514844,2.963728,0.4018171011592214,3.88224,0.5721158819679804,1.974096,0.55221403641704,2.946064,0.4148287693784027,photos/2025/04/29/photo_20250429_090002.jpg,2025-04-29 09:00:13,9,Cultivo3,1,Stationary
1689,29.4375,9.466016,3.986128,1.0797402087539392,5.059184,1.3055700877946002,3.50104,1.1429153807767225,4.3152,1.1022635619487746,photos/2025/04/29/photo_20250429_100002.jpg,2025-04-29 10:00:13,10,Cultivo3,1,Stationary
1690,28.75,9.052605,3.496544,0.942078116710074,4.367008,1.088614315511237,2.928496,0.9474365709977632,3.65968,0.9060100979569709,photos/2025/04/29/photo_20250429_110002.jpg,2025-04-29 11:00:13,11,Cultivo3,1,Stationary
1691,28.5625,9.039583,3.983408,1.0636690800883517,4.980816,1.287279291429797,3.443008,1.1436208749126608,4.239536,1.0820196415518528,photos/2025/04/29/photo_20250429_120002.jpg,2025-04-29 12:00:13,12,Cultivo3,1,Stationary
1692,28.0,9.156771,4.436896,1.1884843592811811,5.484544,1.4572965079433904,3.954912,1.2364861039186814,4.765264,1.2178879301085137,photos/2025/04/29/photo_20250429_130002.jpg,2025-04-29 13:00:13,13,Cultivo3,1,Stationary
1693,27.9375,9.104688,4.334624,1.08846887532166,5.28664,1.200745397825867,3.270384,1.2160110108975164,4.3624,1.0891731910031572,photos/2025/04/29/photo_20250429_140002.jpg,2025-04-29 14:00:13,14,Cultivo3,1,Stationary
1694,28.25,9.150261,3.093792,0.5908038545033368,4.034368,0.7449904969702634,2.189248,0.6971506729079445,3.131376,0.5945656789825662,photos/2025/04/29/photo_20250429_150002.jpg,2025-04-29 15:00:13,15,Cultivo3,1,Stationary
1695,28.5,9.296745,3.0164,0.4373082683874157,3.956256,0.5749212663173975,2.01528,0.5534790330265456,3.008,0.4393449669678714,photos/2025/04/29/photo_20250429_160002.jpg,2025-04-29 16:00:13,16,Cultivo3,1,Stationary
1696,28.75,9.371614,2.991936,0.4445327358204343,3.914208,0.6525271892695353,2.078528,0.594022703189028,3.006016,0.4774220436301617,photos/2025/04/29/photo_20250429_170002.jpg,2025-04-29 17:00:13,17,Cultivo3,1,Stationary
1697,29.0,9.439974,2.968016,0.3917514637420006,3.901056,0.5478412953255715,1.967216,0.5112348029467477,2.954096,0.4031337529704007,photos/2025/04/29/photo_20250429_180002.jpg,2025-04-29 18:00:13,18,Cultivo3,1,Stationary
1698,29.1875,9.459505,2.88624,0.4205174242097466,3.814896,0.5654241851778185,1.899456,0.5235137652440478,2.87144,0.4298096397243784,photos/2025/04/29/photo_20250429_190002.jpg,2025-04-29 19:00:13,19,Cultivo3,1,Stationary
1699,29.4375,9.596224,2.881984,0.4403089824202999,3.819632,0.5485356730204518,1.86,0.594205539980906,2.860032,0.4409727417607578,photos/2025/04/29/photo_20250429_200002.jpg,2025-04-29 20:00:13,20,Cultivo3,1,Stationary
1700,29.5,9.53112,2.902752,0.4188548230783549,3.809664,0.6047778163127348,1.946928,0.5174850978492038,2.888896,0.4352928912628829,photos/2025/04/29/photo_20250429_210002.jpg,2025-04-29 21:00:13,21,Cultivo3,1,Stationary
1701,29.6875,9.566927,2.850352,0.4194014306890237,3.760624,0.6026567270212787,1.888544,0.5503357848586624,2.83312,0.4487037615175518,photos/2025/04/29/photo_20250429_220002.jpg,2025-04-29 22:00:13,22,Cultivo3,1,Stationary
1702,29.6875,9.661328,2.869664,0.4102033506250285,3.791552,0.5711509706688767,1.890944,0.5243858570785448,2.854112,0.4221808752845159,photos/2025/04/29/photo_20250429_230002.jpg,2025-04-29 23:00:13,23,Cultivo3,1,Stationary
1703,29.75,9.583203,2.817936,0.484475397336129,3.749104,0.6819348921883965,1.900624,0.5682998327502834,2.834096,0.5133535456038071,photos/2025/04/30/photo_20250430_000002.jpg,2025-04-30 00:00:13,0,Cultivo3,1,Stationary
1704,29.75,9.632031,2.890592,0.4147789078533285,3.8192,0.5364022371318001,1.88024,0.5514470867961857,2.86752,0.4113794472260372,photos/2025/04/30/photo_20250430_010002.jpg,2025-04-30 01:00:13,1,Cultivo3,1,Stationary
1705,29.75,9.654818,2.90376,0.4426560991831017,3.846368,0.5903331335576548,1.916816,0.5148066262199817,2.899488,0.4483317274697386,photos/2025/04/30/photo_20250430_020002.jpg,2025-04-30 02:00:13,2,Cultivo3,1,Stationary
1706,29.75,9.638542,2.8536,0.5043542262497658,3.760672,0.6930527457675931,1.953408,0.5791088326040279,2.867264,0.5176998689433869,photos/2025/04/30/photo_20250430_030002.jpg,2025-04-30 03:00:13,3,Cultivo3,1,Stationary
1707,29.75,9.654818,2.873104,0.467618003691047,3.771248,0.6323610697188751,1.905568,0.628733174871503,2.852512,0.486562729620755,photos/2025/04/30/photo_20250430_040002.jpg,2025-04-30 04:00:13,4,Cultivo3,1,Stationary
1708,29.6875,9.622266,2.82712,0.4946274676723888,3.743056,0.6662940648572521,1.884832,0.5873197643532866,2.827584,0.507701411209384,photos/2025/04/30/photo_20250430_050002.jpg,2025-04-30 05:00:13,5,Cultivo3,1,Stationary
1709,29.625,9.605989,2.8264,0.4628513606072688,3.743264,0.6303321555370629,1.873728,0.5252418871339185,2.816864,0.4814282973652463,photos/2025/04/30/photo_20250430_060002.jpg,2025-04-30 06:00:13,6,Cultivo3,1,Stationary
1710,29.5625,8.544792,2.91256,0.425086336341219,3.806,0.6044203835080348,1.955216,0.5802501584661568,2.894352,0.4308764325140098,photos/2025/04/30/photo_20250430_070002.jpg,2025-04-30 07:00:13,7,Cultivo3,1,Stationary
1711,29.5,8.613152,2.900512,0.4604899468001446,3.832432,0.6132935393235445,1.918336,0.5478888006302008,2.89208,0.4751939326211984,photos/2025/04/30/photo_20250430_080002.jpg,2025-04-30 08:00:13,8,Cultivo3,1,Stationary
1712,29.5,9.28698,12.450176,1.7665098412225162,13.170256,2.941660227569459,6.783808,2.719858372971652,11.170384,2.244526073037246,photos/2025/04/30/photo_20250430_090002.jpg,2025-04-30 09:00:13,9,Cultivo3,1,Stationary
1713,29.1875,9.205599,2.935936,0.4029864526556693,3.827888,0.5903435097093895,2.005824,0.486250762368554,2.926944,0.3989270871525272,photos/2025/04/30/photo_20250430_100002.jpg,2025-04-30 10:00:13,10,Cultivo3,1,Stationary
1714,28.5625,9.251172,3.374224,0.8033941558164336,4.218464,0.9502933656003286,2.58952,0.8961452995044945,3.416912,0.7822380611143899,photos/2025/04/30/photo_20250430_110002.jpg,2025-04-30 11:00:13,11,Cultivo3,1,Stationary
1715,28.1875,8.421094,2.186336,0.6103863105149067,3.166288,0.6085887782862908,3.162544,1.0562873165498108,3.157616,0.582825185234818,photos/2025/05/06/photo_20250506_070420.jpg,2025-05-06 07:04:31,0,Cultivo3,1,Stationary
1716,28.3125,8.453646,3.035264,0.4272498176196216,3.848048,0.4924373967277466,2.129312,0.5924090228077219,3.000128,0.2985832942681153,photos/2025/05/06/photo_20250506_080002.jpg,2025-05-06 08:00:13,8,Cultivo3,1,Stationary
1717,28.375,9.365105,2.83136,0.4480074430810273,3.683712,0.6410443830625147,1.898288,0.5878031561670966,2.802352,0.4484186304069,photos/2025/05/06/photo_20250506_090002.jpg,2025-05-06 09:00:13,9,Cultivo3,1,Stationary
1718,28.625,9.189323,3.220016,0.7549508938308503,3.929744,0.6517484901892754,2.456352,0.7093158392028194,3.202544,0.54785392949581,photos/2025/05/06/photo_20250506_100002.jpg,2025-05-06 10:00:13,10,Cultivo3,1,Stationary
1719,28.625,9.179558,3.433984,0.8764218185873742,4.08288,0.8559502938839381,2.731648,0.8608518384391126,3.42008,0.7271181428076183,photos/2025/05/06/photo_20250506_110002.jpg,2025-05-06 11:00:13,11,Cultivo3,1,Stationary
1720,27.75,8.854036,3.39528,0.919499147005586,3.982928,0.862320443232097,2.871216,0.8586464473809928,3.435456,0.7367673120219164,photos/2025/05/06/photo_20250506_120002.jpg,2025-05-06 12:00:13,12,Cultivo3,1,Stationary
1721,27.0,9.003777,2.818896,0.5343455406981517,3.559248,0.7028582179188062,2.054944,0.4866716975374673,2.810608,0.4507623213357568,photos/2025/05/06/photo_20250506_130002.jpg,2025-05-06 13:00:13,13,Cultivo3,1,Stationary
1722,27.1875,9.107943,3.057312,0.4619873533160837,3.906688,0.5530975236393669,2.147376,0.5115108353260955,3.036144,0.3876771998248027,photos/2025/05/06/photo_20250506_140002.jpg,2025-05-06 14:00:13,14,Cultivo3,1,Stationary
1723,27.0,8.984245,2.7992,0.4731742223917106,3.709536,0.5996120951948851,1.832208,0.5622235854177589,2.779392,0.4764914588279625,photos/2025/05/06/photo_20250506_150002.jpg,2025-05-06 15:00:13,15,Cultivo3,1,Stationary
1724,26.6875,8.893099,2.780816,0.487501467583432,3.652576,0.6474322854353187,1.850848,0.5593767729750674,2.760848,0.4815042272877777,photos/2025/05/06/photo_20250506_160002.jpg,2025-05-06 16:00:13,16,Cultivo3,1,Stationary
1725,27.125,9.088411,2.745808,0.4906862449427333,3.617872,0.6705297842870217,1.827968,0.562972847601019,2.72976,0.4959297756739355,photos/2025/05/06/photo_20250506_170002.jpg,2025-05-06 17:00:13,17,Cultivo3,1,Stationary
1726,27.5,9.150261,2.722416,0.4997179310611137,3.612352,0.6739265747067702,1.799376,0.5522201761471597,2.711424,0.5124567222936977,photos/2025/05/06/photo_20250506_180002.jpg,2025-05-06 18:00:13,18,Cultivo3,1,Stationary
1727,27.9375,9.270703,2.714176,0.5467424295077162,3.572464,0.6758557306881402,1.792576,0.5893187940529302,2.692704,0.5196317622932609,photos/2025/05/06/photo_20250506_190002.jpg,2025-05-06 19:00:13,19,Cultivo3,1,Stationary
1728,28.3125,9.378125,2.611552,0.5480922491697907,3.500048,0.6740089003091874,1.66808,0.6297842101037466,2.589536,0.5524629441908299,photos/2025/05/06/photo_20250506_200002.jpg,2025-05-06 20:00:13,20,Cultivo3,1,Stationary
1729,28.625,9.417188,2.658192,0.5459495595748749,3.57304,0.6412683980986432,1.67528,0.6348411542551412,2.635232,0.5468165196626744,photos/2025/05/06/photo_20250506_210002.jpg,2025-05-06 21:00:13,21,Cultivo3,1,Stationary
1730,28.875,9.482292,2.652256,0.544750260049502,3.500864,0.7140526965875837,1.751776,0.6043327812257085,2.63288,0.5424010560461696,photos/2025/05/06/photo_20250506_220002.jpg,2025-05-06 22:00:13,22,Cultivo3,1,Stationary
1731,29.0625,9.505078,2.654192,0.5485036316962724,3.470992,0.7617916617658662,1.810496,0.5826704275454522,2.645296,0.545139498095671,photos/2025/05/06/photo_20250506_230002.jpg,2025-05-06 23:00:13,23,Cultivo3,1,Stationary
1732,29.1875,9.527864,2.711408,0.5155428613180479,3.566736,0.694718868538922,1.804512,0.5892051065087607,2.693664,0.5138231749386165,photos/2025/05/07/photo_20250507_000002.jpg,2025-05-07 00:00:13,0,Cultivo3,1,Stationary
1733,29.25,9.6125,2.70112,0.5189951901742442,3.619504,0.6313974928553329,1.729024,0.5984903888952603,2.681936,0.5263338217367378,photos/2025/05/07/photo_20250507_010002.jpg,2025-05-07 01:00:13,1,Cultivo3,1,Stationary
1734,29.3125,9.570183,2.69864,0.5220077532604281,3.5232,0.7268712128018278,1.820256,0.6051364725415251,2.678336,0.5239735404617298,photos/2025/05/07/photo_20250507_020002.jpg,2025-05-07 02:00:13,2,Cultivo3,1,Stationary
1735,29.375,9.619011,2.753968,0.4909954190254732,3.654768,0.6301228976763183,1.784864,0.6078916473977909,2.729376,0.502961877903286,photos/2025/05/07/photo_20250507_030002.jpg,2025-05-07 03:00:13,3,Cultivo3,1,Stationary
1736,29.375,9.677605,2.710768,0.507315623666372,3.540784,0.7224961351758222,1.836272,0.5788893246346835,2.693984,0.5137958814003865,photos/2025/05/07/photo_20250507_040002.jpg,2025-05-07 04:00:13,4,Cultivo3,1,Stationary
1737,29.375,9.573438,2.728432,0.5497514094788661,3.488896,0.7424854888709946,1.928576,0.5532113713364902,2.714288,0.5025859658366915,photos/2025/05/07/photo_20250507_050002.jpg,2025-05-07 05:00:13,5,Cultivo3,1,Stationary
1738,29.375,9.674349,2.626992,0.5501929868836933,3.5024,0.7124564828815863,1.713072,0.6089080652578023,2.613856,0.5539501884321371,photos/2025/05/07/photo_20250507_060002.jpg,2025-05-07 06:00:13,6,Cultivo3,1,Stationary
1739,29.3125,9.641797,2.775008,0.4975890416799791,3.594624,0.6893404809120092,1.91616,0.5279418527982035,2.760032,0.4769395758122826,photos/2025/05/07/photo_20250507_070002.jpg,2025-05-07 07:00:13,7,Cultivo3,1,Stationary
1740,29.375,9.37487,2.691984,0.5243090493821367,3.576384,0.6612998446574746,1.749856,0.6108536189170037,2.6708,0.5246821514021608,photos/2025/05/07/photo_20250507_080002.jpg,2025-05-07 08:00:13,8,Cultivo3,1,Stationary
1741,29.375,9.332552,2.952272,0.4888547530708891,3.690048,0.6193107117562234,2.18048,0.4174710026049714,2.941296,0.3485194978534199,photos/2025/05/07/photo_20250507_090002.jpg,2025-05-07 09:00:13,9,Cultivo3,1,Stationary
1742,29.0,9.270703,2.957792,0.4533639173996978,3.749984,0.5835237782164493,2.10672,0.4894512077173781,2.937088,0.3476234748344824,photos/2025/05/07/photo_20250507_100002.jpg,2025-05-07 10:00:13,10,Cultivo3,1,Stationary
1743,28.1875,9.173047,2.98552,0.3706688789957959,3.840096,0.4986689390607761,2.069488,0.4123667416269163,2.964272,0.2882559800177612,photos/2025/05/07/photo_20250507_110002.jpg,2025-05-07 11:00:13,11,Cultivo3,1,Stationary
1744,27.75,9.052605,2.996704,0.437801940680943,3.813184,0.5508500541381475,2.130144,0.424439791235459,2.980128,0.328762990033854,photos/2025/05/07/photo_20250507_120002.jpg,2025-05-07 12:00:13,12,Cultivo3,1,Stationary
1745,27.4375,9.111198,3.029952,0.4812762433364024,3.864512,0.5730017468175818,2.15576,0.4631359170869821,3.021168,0.3754675961730919,photos/2025/05/07/photo_20250507_130002.jpg,2025-05-07 13:00:13,13,Cultivo3,1,Stationary
1746,27.3125,9.05586,3.024528,0.3712167499669162,3.913824,0.4627198904564186,2.061888,0.4790223139019726,2.999776,0.3064114061584522,photos/2025/05/07/photo_20250507_140002.jpg,2025-05-07 14:00:13,14,Cultivo3,1,Stationary
1747,27.25,9.023308,2.995216,0.4135395842915161,3.828032,0.5409574909140273,2.119168,0.4232364744962324,2.98128,0.3194018810213865,photos/2025/05/07/photo_20250507_150002.jpg,2025-05-07 15:00:13,15,Cultivo3,1,Stationary
1748,27.1875,9.010286,2.783664,0.5496960360926755,3.510544,0.7317710188740738,2.013648,0.527574388218382,2.768592,0.4751108686780381,photos/2025/05/07/photo_20250507_160002.jpg,2025-05-07 16:00:13,16,Cultivo3,1,Stationary
1749,27.0625,8.967969,3.030688,0.5253533304891099,3.749536,0.606013023543224,2.265488,0.4781153068622673,3.01544,0.3515929555608303,photos/2025/05/07/photo_20250507_170002.jpg,2025-05-07 17:00:13,17,Cultivo3,1,Stationary
1750,27.0625,9.000521,2.750368,0.4932421652697587,3.635152,0.6614090541382087,1.82608,0.5522787924372979,2.73648,0.5004290255370886,photos/2025/05/07/photo_20250507_180002.jpg,2025-05-07 18:00:13,18,Cultivo3,1,Stationary
1751,26.9375,8.977735,2.691952,0.534219126037247,3.565744,0.6847231020376047,1.767376,0.5894560456013662,2.674448,0.5316087803037117,photos/2025/05/07/photo_20250507_190002.jpg,2025-05-07 19:00:13,19,Cultivo3,1,Stationary
1752,26.9375,8.925652,2.66032,0.5592485186390752,3.422496,0.7931866930199977,1.86712,0.577090545408604,2.650224,0.5420339009914417,photos/2025/05/07/photo_20250507_200002.jpg,2025-05-07 20:00:13,20,Cultivo3,1,Stationary
1753,26.8125,8.915886,2.723536,0.5139425596542867,3.572928,0.696856876852055,1.827376,0.5770265649898626,2.706016,0.5138768410271084,photos/2025/05/07/photo_20250507_210002.jpg,2025-05-07 21:00:13,21,Cultivo3,1,Stationary
1754,26.6875,8.938672,2.73352,0.5045404939308638,3.609184,0.6613432196250295,1.814272,0.5510539080707078,2.71856,0.5005192567724044,photos/2025/05/07/photo_20250507_220002.jpg,2025-05-07 22:00:13,22,Cultivo3,1,Stationary
1755,26.625,8.880078,2.64472,0.5562523983085377,3.456128,0.764101595087983,1.810624,0.5688445495915382,2.637392,0.5463949472094338,photos/2025/05/07/photo_20250507_230002.jpg,2025-05-07 23:00:13,23,Cultivo3,1,Stationary
1756,26.5625,8.886589,2.739392,0.4884308435142072,3.6296,0.6552830228229631,1.797152,0.5833862102724061,2.720272,0.502227285216564,photos/2025/05/08/photo_20250508_000002.jpg,2025-05-08 00:00:13,0,Cultivo3,1,Stationary
1757,26.5,8.867058,2.761648,0.4881243393071073,3.600176,0.6864843545369407,1.869376,0.5602323840122062,2.741248,0.4877944264708239,photos/2025/05/08/photo_20250508_010002.jpg,2025-05-08 01:00:13,1,Cultivo3,1,Stationary
1758,26.4375,8.889844,2.721168,0.5175171158367615,3.582528,0.6806975313720478,1.803104,0.5899124645029973,2.701728,0.5109303416474695,photos/2025/05/08/photo_20250508_020002.jpg,2025-05-08 02:00:13,2,Cultivo3,1,Stationary
1759,26.375,8.821485,2.7228,0.5063834120505923,3.640976,0.6252149769671228,1.7572,0.5866039208869985,2.707936,0.5117290493063688,photos/2025/05/08/photo_20250508_030002.jpg,2025-05-08 03:00:13,3,Cultivo3,1,Stationary
1760,26.3125,8.867058,2.724112,0.4965315786291946,3.599952,0.6874718886587292,1.803632,0.5712563447840208,2.709136,0.5136439754382407,photos/2025/05/08/photo_20250508_040002.jpg,2025-05-08 04:00:13,4,Cultivo3,1,Stationary
1761,26.1875,8.880078,2.74296,0.508963596340642,3.58808,0.6896505735515632,1.85024,0.568501924710902,2.726016,0.4988033357386456,photos/2025/05/08/photo_20250508_050002.jpg,2025-05-08 05:00:13,5,Cultivo3,1,Stationary
1762,26.1875,8.75638,2.648656,0.5493691451110082,3.50128,0.7279219474641494,1.74632,0.6100470421729787,2.63136,0.551079441097198,photos/2025/05/08/photo_20250508_060002.jpg,2025-05-08 06:00:13,6,Cultivo3,1,Stationary
1763,26.0625,8.83125,2.756224,0.508228522080373,3.666864,0.6539819611457185,1.796688,0.5875485186978179,2.743952,0.5257750675868912,photos/2025/05/08/photo_20250508_070002.jpg,2025-05-08 07:00:13,7,Cultivo3,1,Stationary
1764,26.25,7.747266,2.810848,0.4557782644049625,3.673792,0.6522977393307445,1.906736,0.5118413044059652,2.797248,0.4548885869045298,photos/2025/05/08/photo_20250508_080002.jpg,2025-05-08 08:00:13,8,Cultivo3,1,Stationary
1765,26.5625,8.883333,2.816608,0.4534055854265582,3.709264,0.6096036239262362,1.863152,0.5594277203857528,2.79608,0.4567369413568384,photos/2025/05/08/photo_20250508_090002.jpg,2025-05-08 09:00:13,9,Cultivo3,1,Stationary
1766,26.9375,8.932161,2.829456,0.4784506394603313,3.6392,0.6645775801213881,1.97816,0.5047164987039754,2.814288,0.439298364504126,photos/2025/05/08/photo_20250508_100002.jpg,2025-05-08 10:00:13,10,Cultivo3,1,Stationary
1767,27.25,8.990755,3.013104,0.4334738883762204,3.85864,0.5862980047723171,2.121936,0.4814356500966666,2.998832,0.3806712962333777,photos/2025/05/08/photo_20250508_110002.jpg,2025-05-08 11:00:13,11,Cultivo3,1,Stationary
1768,27.25,9.065625,3.065776,0.5000350131740776,3.869952,0.5664057888969709,2.17816,0.5293104172638207,3.03672,0.3809194686544651,photos/2025/05/08/photo_20250508_120002.jpg,2025-05-08 12:00:13,12,Cultivo3,1,Stationary
1769,27.375,9.088411,2.868944,0.4173226294175766,3.773056,0.5568630180430372,1.903824,0.512023754198963,2.848144,0.4150322340059865,photos/2025/05/08/photo_20250508_130002.jpg,2025-05-08 13:00:13,13,Cultivo3,1,Stationary
1770,27.75,9.14375,3.032464,0.4063144552486411,3.918,0.4854812045795388,2.087616,0.4623268202300186,3.013504,0.3309284544792122,photos/2025/05/08/photo_20250508_140002.jpg,2025-05-08 14:00:13,14,Cultivo3,1,Stationary
1771,27.75,9.166536,2.875968,0.4114795062503113,3.800528,0.5351363575912218,1.890544,0.4999280578003199,2.85528,0.4169989467612597,photos/2025/05/08/photo_20250508_150002.jpg,2025-05-08 15:00:13,15,Cultivo3,1,Stationary
1772,27.875,9.189323,2.857376,0.4354911449662323,3.746112,0.6072799053616051,1.913216,0.5128219911665256,2.838336,0.4399735800067999,photos/2025/05/08/photo_20250508_160002.jpg,2025-05-08 16:00:13,16,Cultivo3,1,Stationary
1773,29.1875,9.583203,2.348992,0.6187109781602391,2.682896,0.6422001659794242,2.540752,0.7570446380075615,2.612144,0.5751797312701482,photos/2025/05/12/photo_20250512_064403.jpg,2025-05-12 06:44:15,0,Cultivo3,1,Stationary
1774,29.125,9.316277,2.591264,0.5682439271158116,2.712304,0.5813080178218774,2.591536,0.5918706634933006,2.652016,0.5222213474610169,photos/2025/05/12/photo_20250512_070002.jpg,2025-05-12 07:00:13,7,Cultivo3,1,Stationary
1775,28.0625,9.059114,1.920176,0.4513766289740752,2.099152,0.4966858976214243,1.741104,0.2790486140872231,1.920176,0.2790486140872231,photos/2025/05/12/photo_20250512_085444.jpg,2025-05-12 08:54:56,0,Cultivo3,1,Stationary
1776,28.0625,9.117708,2.047856,0.3282088993308987,2.056432,0.3383244439528424,2.03928,0.3202964303016816,2.047856,0.3202964303016816,photos/2025/05/12/photo_20250512_090002.jpg,2025-05-12 09:00:13,9,Cultivo3,1,Stationary
1777,27.9375,8.980989,2.71792,0.5377318781102717,2.871776,0.5684844816034998,2.674208,0.5398507882739453,2.772992,0.4651573582520221,photos/2025/05/12/photo_20250512_100002.jpg,2025-05-12 10:00:13,10,Cultivo3,1,Stationary
1778,27.375,7.685417,2.282736,0.506970913816562,3.035696,0.5193128109184291,3.020112,0.964960286386958,3.02744,0.4959990387087459,photos/2025/05/12/photo_20250512_110002.jpg,2025-05-12 11:00:13,11,Cultivo3,1,Stationary
1779,26.5,7.249219,2.24976,0.4417995870708799,3.011296,0.4409811791720821,3.017808,0.9873216002904018,3.0096,0.4171952061086032,photos/2025/05/12/photo_20250512_120002.jpg,2025-05-12 12:00:13,12,Cultivo3,1,Stationary
1780,26.6875,7.708203,2.320128,0.4679285814908083,3.060704,0.4682510271040524,3.054432,0.9810922808869716,3.055568,0.4493197050831401,photos/2025/05/12/photo_20250512_130002.jpg,2025-05-12 13:00:13,13,Cultivo3,1,Stationary
1781,27.0625,7.288281,2.701408,0.4510283543015894,2.87984,0.4639585912557283,2.816704,0.6325273255251508,2.848224,0.4217345679737433,photos/2025/05/12/photo_20250512_140002.jpg,2025-05-12 14:00:13,14,Cultivo3,1,Stationary
1782,27.5,7.532422,2.709648,0.4655512966967228,2.929648,0.4873054443529232,2.822512,0.6524536122177577,2.87608,0.4189747410047532,photos/2025/05/12/photo_20250512_150002.jpg,2025-05-12 15:00:13,15,Cultivo3,1,Stationary
1783,27.6875,7.72448,2.669056,0.5232762980453061,2.84416,0.5480163267640846,2.701648,0.6100328424470275,2.772992,0.4697439386900058,photos/2025/05/12/photo_20250512_160002.jpg,2025-05-12 16:00:13,16,Cultivo3,1,Stationary
1784,27.9375,7.698438,2.540528,0.5376113282139803,2.75592,0.5458433416283467,2.685424,0.7027755553631615,2.720672,0.5092031700765421,photos/2025/05/12/photo_20250512_170002.jpg,2025-05-12 17:00:13,17,Cultivo3,1,Stationary
1785,28.125,7.704948,2.518688,0.6375475031838805,2.709712,0.6805445445053542,2.470928,0.6219089633185872,2.590464,0.5731808307192416,photos/2025/05/12/photo_20250512_180002.jpg,2025-05-12 18:00:13,18,Cultivo3,1,Stationary
1786,28.25,7.496614,2.546272,0.5726406705779812,2.70576,0.5878901448400032,2.59568,0.6377859374555072,2.650784,0.5325863172707312,photos/2025/05/12/photo_20250512_190002.jpg,2025-05-12 19:00:13,19,Cultivo3,1,Stationary
1787,28.375,7.610547,2.655728,0.6125831910981562,2.8432,0.6394417565345573,2.540272,0.5568669410334931,2.69208,0.5117355504555063,photos/2025/05/12/photo_20250512_200002.jpg,2025-05-12 20:00:13,20,Cultivo3,1,Stationary
1788,28.4375,7.708203,2.492944,0.5721650726844483,2.677168,0.5859586160950276,2.57464,0.6624788395594233,2.625904,0.535346787404202,photos/2025/05/12/photo_20250512_210002.jpg,2025-05-12 21:00:13,21,Cultivo3,1,Stationary
1789,28.5,7.848177,2.54976,0.6364498436294883,2.719552,0.6417015811855226,2.483888,0.6007494838949095,2.602112,0.5497537079965901,photos/2025/05/12/photo_20250512_220002.jpg,2025-05-12 22:00:13,22,Cultivo3,1,Stationary
1790,28.5,7.822136,2.456352,0.6099981924694532,2.590032,0.6395797362143362,2.425072,0.6090770493919468,2.507552,0.5608769627075086,photos/2025/05/12/photo_20250512_230002.jpg,2025-05-12 23:00:13,23,Cultivo3,1,Stationary
1791,28.5625,7.887239,2.572992,0.61233744192561,2.722272,0.6472241945539429,2.494096,0.5854777262509651,2.608304,0.5434981541679788,photos/2025/05/13/photo_20250513_000002.jpg,2025-05-13 00:00:13,0,Cultivo3,1,Stationary
1792,28.625,7.727735,2.490576,0.5560427954753123,2.672192,0.570639917229771,2.60064,0.6814507966273133,2.636416,0.5312312819704803,photos/2025/05/13/photo_20250513_010002.jpg,2025-05-13 01:00:13,1,Cultivo3,1,Stationary
1793,28.5625,7.792839,2.553872,0.5864940346977111,2.718608,0.6160799804700685,2.555792,0.6269878847441951,2.637264,0.5348257606959484,photos/2025/05/13/photo_20250513_020002.jpg,2025-05-13 02:00:13,2,Cultivo3,1,Stationary
1794,28.5,7.789583,2.484544,0.5792063106838531,2.619232,0.6067155265657869,2.519392,0.6313676520570246,2.569312,0.5507629677601791,photos/2025/05/13/photo_20250513_030002.jpg,2025-05-13 03:00:13,3,Cultivo3,1,Stationary
1795,28.5625,7.672396,2.520896,0.546563317085953,2.668,0.5645104073442756,2.606304,0.6668578238155417,2.637088,0.5279155995573535,photos/2025/05/13/photo_20250513_040002.jpg,2025-05-13 04:00:13,4,Cultivo3,1,Stationary
1796,28.5625,7.701693,2.44704,0.6092094284759553,2.645584,0.6370222122846266,2.503984,0.6548978839483298,2.574784,0.5678233469522013,photos/2025/05/13/photo_20250513_050002.jpg,2025-05-13 05:00:13,5,Cultivo3,1,Stationary
1797,28.4375,7.757031,2.47136,0.603607116512057,2.589344,0.6221524328201248,2.438336,0.5970559022403179,2.51384,0.5524784651006769,photos/2025/05/13/photo_20250513_060002.jpg,2025-05-13 06:00:13,6,Cultivo3,1,Stationary
1798,28.375,7.604036,2.614912,0.5683264197835608,2.734784,0.5859389672517096,2.585024,0.5719258975216982,2.660048,0.5123130270606048,photos/2025/05/13/photo_20250513_070002.jpg,2025-05-13 07:00:13,7,Cultivo3,1,Stationary
1799,28.375,7.952344,2.667728,0.5231797916586611,2.791808,0.5409178229047367,2.68416,0.5790020017374724,2.738064,0.4806802803361086,photos/2025/05/13/photo_20250513_080002.jpg,2025-05-13 08:00:13,8,Cultivo3,1,Stationary
1800,28.3125,8.196485,2.496704,0.582170110891997,2.674032,0.6111766217518468,2.547728,0.6352614708795112,2.6108,0.5435838113851442,photos/2025/05/13/photo_20250513_090002.jpg,2025-05-13 09:00:13,9,Cultivo3,1,Stationary
1801,28.3125,8.05,2.606256,0.4172930439679051,2.944976,0.4249004111836089,2.923616,0.7807622317095007,2.933872,0.4015110055976049,photos/2025/05/13/photo_20250513_100002.jpg,2025-05-13 10:00:13,10,Cultivo3,1,Stationary
1802,27.75,8.010938,1.855856,0.7523818283398397,3.222384,0.6537288096328631,3.321872,1.0263286546053365,3.24656,0.6344573794984183,photos/2025/05/13/photo_20250513_110002.jpg,2025-05-13 11:00:13,11,Cultivo3,1,Stationary
1803,27.3125,7.835156,2.2076,0.7926573464391786,3.331456,0.7254411899416795,3.380944,1.062008587535901,3.339472,0.7159488537709939,photos/2025/05/13/photo_20250513_120002.jpg,2025-05-13 12:00:13,12,Cultivo3,1,Stationary
1804,26.875,7.122266,2.627152,0.4482642863311776,2.877008,0.4541640319708288,2.82536,0.7053909333809161,2.851248,0.4212372757674705,photos/2025/05/13/photo_20250513_130002.jpg,2025-05-13 13:00:13,13,Cultivo3,1,Stationary
1805,26.9375,7.063672,2.610896,0.510954367027037,2.851536,0.5442264608634901,2.746896,0.6758743057581047,2.799344,0.4784403512079641,photos/2025/05/13/photo_20250513_140002.jpg,2025-05-13 14:00:13,14,Cultivo3,1,Stationary
1806,27.3125,7.232943,2.61464,0.4599505200518856,2.856464,0.4717175179108785,2.800848,0.706128650034822,2.828496,0.4342653313171569,photos/2025/05/13/photo_20250513_150002.jpg,2025-05-13 15:00:13,15,Cultivo3,1,Stationary
1807,27.625,7.545443,2.606528,0.5559870246543528,2.726672,0.5712265788774189,2.607696,0.5878195175527944,2.667184,0.5114386670403402,photos/2025/05/13/photo_20250513_160002.jpg,2025-05-13 16:00:13,16,Cultivo3,1,Stationary
1808,27.875,7.646355,2.563344,0.5708438398861813,2.691184,0.5990197644018099,2.559408,0.5960969196900786,2.625424,0.5298724565628977,photos/2025/05/13/photo_20250513_170002.jpg,2025-05-13 17:00:13,17,Cultivo3,1,Stationary
1809,28.125,7.571485,2.598656,0.5379505473777306,2.771952,0.5642216848863574,2.671024,0.6321099537770308,2.721488,0.5059160660188605,photos/2025/05/13/photo_20250513_180002.jpg,2025-05-13 18:00:13,18,Cultivo3,1,Stationary
1810,28.3125,7.447786,2.487552,0.6202769755520513,2.628448,0.6414461094246343,2.41856,0.5814920870450432,2.523504,0.5504684931801275,photos/2025/05/13/photo_20250513_190002.jpg,2025-05-13 19:00:13,19,Cultivo3,1,Stationary
1811,28.5,7.522656,2.522496,0.6074446328810552,2.647248,0.6182281346687484,2.476272,0.5844843282621016,2.561792,0.5448281827659065,photos/2025/05/13/photo_20250513_200002.jpg,2025-05-13 20:00:13,20,Cultivo3,1,Stationary
1812,28.5625,7.630078,2.452208,0.588145901680867,2.543568,0.6074519152788967,2.435344,0.5923545599858246,2.489456,0.5522036074347939,photos/2025/05/13/photo_20250513_210002.jpg,2025-05-13 21:00:13,21,Cultivo3,1,Stationary
1813,28.625,7.665886,2.647328,0.5350072851242308,2.732672,0.5511222554170717,2.647808,0.5625712936295274,2.690208,0.502407122497283,photos/2025/05/13/photo_20250513_220002.jpg,2025-05-13 22:00:13,22,Cultivo3,1,Stationary
1814,28.6875,7.56823,2.489728,0.5930517297639389,2.597696,0.623929075764225,2.446768,0.5846353444806429,2.522352,0.5481572658425682,photos/2025/05/13/photo_20250513_230002.jpg,2025-05-13 23:00:13,23,Cultivo3,1,Stationary
1815,28.75,7.591016,2.452096,0.5861169606691142,2.582864,0.612899304538682,2.452304,0.6043254146434683,2.517616,0.5462835129710579,photos/2025/05/14/photo_20250514_000002.jpg,2025-05-14 00:00:13,0,Cultivo3,1,Stationary
1816,28.75,7.753777,2.550704,0.5700657644026697,2.654896,0.5972128843084349,2.532016,0.5765319630202648,2.593456,0.5315204380491874,photos/2025/05/14/photo_20250514_010002.jpg,2025-05-14 01:00:13,1,Cultivo3,1,Stationary
1817,28.6875,7.607292,2.480864,0.6114818774092982,2.614704,0.6365995541814337,2.41944,0.5790766905203489,2.517216,0.5479047447723008,photos/2025/05/14/photo_20250514_020002.jpg,2025-05-14 02:00:13,2,Cultivo3,1,Stationary
1818,28.6875,7.704948,2.560544,0.5524833028571995,2.636704,0.5633187520258847,2.575008,0.5877945423904513,2.605856,0.5302174150893196,photos/2025/05/14/photo_20250514_030002.jpg,2025-05-14 03:00:13,3,Cultivo3,1,Stationary
1819,28.6875,7.519402,2.462288,0.5689971144250207,2.536368,0.5844154075450098,2.473424,0.5950746214181882,2.504896,0.5489991158317107,photos/2025/05/14/photo_20250514_040002.jpg,2025-05-14 04:00:13,4,Cultivo3,1,Stationary
1820,28.625,7.41198,2.526,0.6539378741868374,2.719552,0.6896991512942435,2.336448,0.5479963503528102,2.528032,0.5444687382908223,photos/2025/05/14/photo_20250514_050002.jpg,2025-05-14 05:00:13,5,Cultivo3,1,Stationary
1821,28.5,7.50638,2.40152,0.5675171392090286,2.500224,0.5927427349398725,2.423552,0.6050303212236556,2.461888,0.5475796521566519,photos/2025/05/14/photo_20250514_060002.jpg,2025-05-14 06:00:13,6,Cultivo3,1,Stationary
1822,28.4375,7.428255,2.700576,0.4984926845441165,2.829504,0.5181381224963089,2.727616,0.5731956631238586,2.77856,0.4574935260744133,photos/2025/05/14/photo_20250514_070002.jpg,2025-05-14 07:00:13,7,Cultivo3,1,Stationary
1823,28.375,7.825391,2.551968,0.5083281082135829,2.802416,0.5281368789849844,2.72688,0.7191128749897334,2.764704,0.4812938732043033,photos/2025/05/14/photo_20250514_080002.jpg,2025-05-14 08:00:13,8,Cultivo3,1,Stationary
1824,28.375,8.053255,2.603472,0.5379457459632895,2.673216,0.5513004782729651,2.61088,0.5691234885470815,2.642048,0.5160759301653197,photos/2025/05/14/photo_20250514_090002.jpg,2025-05-14 09:00:13,9,Cultivo3,1,Stationary
1825,28.4375,8.03698,2.443072,0.4057557788423967,2.972624,0.4011216207386482,2.954544,0.9078365507160416,2.961904,0.3759636881189458,photos/2025/05/14/photo_20250514_100002.jpg,2025-05-14 10:00:13,10,Cultivo3,1,Stationary
1826,27.5,7.213411,2.441312,0.4796047535377438,3.048896,0.4635268937008941,3.044128,0.9564244448235312,3.044976,0.4545692020187906,photos/2025/05/14/photo_20250514_110002.jpg,2025-05-14 11:00:13,11,Cultivo3,1,Stationary
1827,26.5625,6.708855,2.236864,0.5291458778068673,3.06048,0.5279300802189623,3.0492,0.9830032784807994,3.053152,0.5093278559984717,photos/2025/05/14/photo_20250514_120002.jpg,2025-05-14 12:00:13,12,Cultivo3,1,Stationary
1828,25.9375,6.373568,2.689888,0.474765666829437,3.073408,0.4680376753382146,3.04296,0.836864712755891,3.056528,0.4406774162763506,photos/2025/05/14/photo_20250514_130002.jpg,2025-05-14 13:00:13,13,Cultivo3,1,Stationary
1829,25.4375,6.116406,2.633456,0.4682787794636866,3.0652,0.4678001282599225,3.045552,0.8581267365978058,3.054752,0.4518873958144883,photos/2025/05/14/photo_20250514_140002.jpg,2025-05-14 14:00:13,14,Cultivo3,1,Stationary
1830,25.125,5.781119,2.606512,0.4988838681055943,2.752928,0.5090966772784911,2.723488,0.655609025148373,2.738208,0.4883696844973079,photos/2025/05/14/photo_20250514_150002.jpg,2025-05-14 15:00:13,15,Cultivo3,1,Stationary
1831,24.875,5.250522,2.616592,0.5212263915958208,2.71416,0.5345123893793297,2.661552,0.5953606516524249,2.687856,0.5028142035225337,photos/2025/05/14/photo_20250514_160002.jpg,2025-05-14 16:00:13,16,Cultivo3,1,Stationary
1832,24.5625,5.370963,2.545904,0.565937648805944,2.642832,0.5898601696809167,2.538608,0.585850512318629,2.590832,0.5325763304691638,photos/2025/05/14/photo_20250514_170002.jpg,2025-05-14 17:00:13,17,Cultivo3,1,Stationary
1833,24.4375,5.2375,2.466608,0.5771525127520455,2.56896,0.59396676540022,2.484032,0.6055914252497306,2.526496,0.5495761657714061,photos/2025/05/14/photo_20250514_180002.jpg,2025-05-14 18:00:13,18,Cultivo3,1,Stationary
1834,24.25,4.758985,2.453936,0.5732393523965361,2.571584,0.5926311930231144,2.487808,0.6299254780559365,2.529696,0.5462876051897939,photos/2025/05/14/photo_20250514_190002.jpg,2025-05-14 19:00:13,19,Cultivo3,1,Stationary
1835,24.1875,4.52461,2.412256,0.6247982209449703,2.54336,0.6475738648216126,2.334848,0.586948882326221,2.439232,0.5575116592287553,photos/2025/05/14/photo_20250514_200002.jpg,2025-05-14 20:00:13,20,Cultivo3,1,Stationary
1836,24.0,4.544141,2.582192,0.5844343763195317,2.673072,0.6143468749949007,2.514576,0.5491925665338161,2.593808,0.5347298936248094,photos/2025/05/14/photo_20250514_210002.jpg,2025-05-14 21:00:13,21,Cultivo3,1,Stationary
1837,23.9375,4.326041,2.375808,0.5771313165510947,2.493536,0.5926805351148289,2.427616,0.6303906305902715,2.460576,0.5568175178853483,photos/2025/05/14/photo_20250514_220002.jpg,2025-05-14 22:00:13,22,Cultivo3,1,Stationary
1838,23.8125,4.400912,2.365968,0.6112579867780872,2.47792,0.6449127643332856,2.27856,0.5650092237972757,2.37824,0.5515709404963246,photos/2025/05/14/photo_20250514_230002.jpg,2025-05-14 23:00:13,23,Cultivo3,1,Stationary
1839,23.75,4.280469,2.451808,0.5673875765435827,2.547616,0.5811615236266077,2.493728,0.6228431031455675,2.520672,0.5509016867064395,photos/2025/05/15/photo_20250515_000002.jpg,2025-05-15 00:00:13,0,Cultivo3,1,Stationary
1840,23.6875,3.899609,2.474608,0.5827278046704137,2.568656,0.6037270522877038,2.453392,0.5884039822570883,2.511024,0.5456358414034034,photos/2025/05/15/photo_20250515_010002.jpg,2025-05-15 01:00:13,1,Cultivo3,1,Stationary
1841,23.625,4.107944,2.491584,0.6012126931993368,2.60272,0.6397691783760765,2.436256,0.583377382955493,2.519488,0.5551686391142785,photos/2025/05/15/photo_20250515_020002.jpg,2025-05-15 02:00:13,2,Cultivo3,1,Stationary
1842,23.5625,3.941928,2.5296,0.5974795753362622,2.63152,0.6142820928531125,2.487584,0.5853168714465695,2.559552,0.547829863457625,photos/2025/05/15/photo_20250515_030002.jpg,2025-05-15 03:00:13,3,Cultivo3,1,Stationary
1843,23.5625,3.450391,2.42904,0.5802850530420373,2.517664,0.5918310427005329,2.444096,0.6081880288200351,2.48088,0.5544604815494067,photos/2025/05/15/photo_20250515_040002.jpg,2025-05-15 04:00:13,4,Cultivo3,1,Stationary
1844,23.5,3.333203,2.57176,0.5824583045540686,2.665072,0.6116201720152794,2.517616,0.5597593254247758,2.591344,0.5359330869278365,photos/2025/05/15/photo_20250515_050002.jpg,2025-05-15 05:00:13,5,Cultivo3,1,Stationary
1845,23.5,3.216016,2.392976,0.5669453546295269,2.528608,0.5727107318149365,2.492192,0.6460850280141152,2.510416,0.5535950748913866,photos/2025/05/15/photo_20250515_060002.jpg,2025-05-15 06:00:13,6,Cultivo3,1,Stationary
1846,23.4375,3.098828,2.557504,0.5487445299080438,2.702016,0.5695520483186765,2.625664,0.6326367757125727,2.663744,0.5249799067240573,photos/2025/05/15/photo_20250515_070002.jpg,2025-05-15 07:00:13,7,Cultivo3,1,Stationary
1847,23.4375,3.395053,2.644032,0.5563176013753295,2.73672,0.5732535578607428,2.60792,0.543358797642957,2.67232,0.5083166509175162,photos/2025/05/15/photo_20250515_080002.jpg,2025-05-15 08:00:13,8,Cultivo3,1,Stationary
1848,23.4375,4.365104,2.528032,0.5904713832185264,2.685776,0.6310366691595664,2.51384,0.6150367525408542,2.59984,0.5427632765764464,photos/2025/05/15/photo_20250515_090002.jpg,2025-05-15 09:00:13,9,Cultivo3,1,Stationary
1849,23.3125,4.199088,2.553968,0.5425160380891979,2.688352,0.5523436648464431,2.617696,0.6268775438440908,2.65312,0.5151720737772963,photos/2025/05/15/photo_20250515_100002.jpg,2025-05-15 10:00:13,10,Cultivo3,1,Stationary
1850,23.4375,4.326041,2.629104,0.499436705675504,2.7916,0.5110082582502947,2.734032,0.641339346355734,2.762816,0.4756803024553361,photos/2025/05/15/photo_20250515_110002.jpg,2025-05-15 11:00:13,11,Cultivo3,1,Stationary
1851,23.4375,4.270703,2.624736,0.5268066864268144,2.795264,0.5456768002251883,2.698944,0.6352644569815,2.747072,0.4901871344864122,photos/2025/05/15/photo_20250515_120002.jpg,2025-05-15 12:00:13,12,Cultivo3,1,Stationary
1852,23.4375,4.36836,2.58272,0.4509300466192068,2.823408,0.4582742252581963,2.810416,0.7237163820171547,2.816912,0.446101764461877,photos/2025/05/15/photo_20250515_130002.jpg,2025-05-15 13:00:13,13,Cultivo3,1,Stationary
1853,23.625,4.348828,2.645664,0.5094311242945408,2.820592,0.5269883960164587,2.73464,0.6327953848630693,2.777584,0.4761377142634261,photos/2025/05/15/photo_20250515_140002.jpg,2025-05-15 14:00:13,14,Cultivo3,1,Stationary
1854,24.3125,4.944531,2.6132,0.5058292672592206,2.75568,0.5204802951121206,2.706128,0.6398013441686411,2.730896,0.4885724482448841,photos/2025/05/15/photo_20250515_150002.jpg,2025-05-15 15:00:13,15,Cultivo3,1,Stationary
1855,25.0625,5.641147,2.585216,0.5607173962559036,2.675984,0.5767960053121034,2.578256,0.5815722081943049,2.62712,0.5252204352460021,photos/2025/05/15/photo_20250515_160002.jpg,2025-05-15 16:00:13,16,Cultivo3,1,Stationary
1856,25.75,5.973177,2.547488,0.5968149626006373,2.645856,0.6147438712699786,2.473696,0.550142608653429,2.559776,0.5364427554026618,photos/2025/05/15/photo_20250515_170002.jpg,2025-05-15 17:00:13,17,Cultivo3,1,Stationary
1857,26.125,6.272656,2.522144,0.5507915081988828,2.594336,0.5640538264243937,2.543136,0.5905977000158399,2.568736,0.5339020156395741,photos/2025/05/15/photo_20250515_180002.jpg,2025-05-15 18:00:13,18,Cultivo3,1,Stationary
1858,26.375,6.16198,2.476896,0.572294134388952,2.56584,0.5855331710501123,2.491088,0.6002617805457883,2.528464,0.5460602537303004,photos/2025/05/15/photo_20250515_190002.jpg,2025-05-15 19:00:13,19,Cultivo3,1,Stationary
1859,26.5625,6.096875,2.490928,0.5702226428334813,2.576336,0.5825571346262957,2.50376,0.6039318660378834,2.540048,0.5452450437152089,photos/2025/05/15/photo_20250515_200002.jpg,2025-05-15 20:00:13,20,Cultivo3,1,Stationary
1860,26.75,6.259636,2.564832,0.5358602351509207,2.654128,0.5481647194192635,2.617872,0.6112060305461653,2.636,0.5245798318654653,photos/2025/05/15/photo_20250515_210002.jpg,2025-05-15 21:00:13,21,Cultivo3,1,Stationary
1861,26.875,6.4875,2.469424,0.5845288222696979,2.57712,0.5953053885192037,2.479456,0.6090854687348894,2.528288,0.5491664493175088,photos/2025/05/15/photo_20250515_220002.jpg,2025-05-15 22:00:13,22,Cultivo3,1,Stationary
1862,26.9375,6.419141,2.516768,0.5470997297604889,2.576064,0.556120731410006,2.547264,0.5879241738319662,2.561664,0.5386107602935537,photos/2025/05/15/photo_20250515_230002.jpg,2025-05-15 23:00:13,23,Cultivo3,1,Stationary
1863,26.9375,6.432161,2.528016,0.5976402372531487,2.611584,0.60995492533793,2.467104,0.5577948581190041,2.539392,0.545292829896011,photos/2025/05/16/photo_20250516_000002.jpg,2025-05-16 00:00:13,0,Cultivo3,1,Stationary
1864,27.0,6.441927,2.455776,0.5577207614424983,2.559728,0.5699689167103765,2.513984,0.6171517137819515,2.536928,0.5435552619706666,photos/2025/05/16/photo_20250516_010002.jpg,2025-05-16 01:00:13,1,Cultivo3,1,Stationary
1865,27.0,6.279167,2.332512,0.5794482851264642,2.429424,0.5878188736541214,2.322192,0.5797342234645114,2.375872,0.5382640983903719,photos/2025/05/16/photo_20250516_020002.jpg,2025-05-16 02:00:13,2,Cultivo3,1,Stationary
1866,27.0,6.373568,2.512816,0.5643380091257366,2.574864,0.5767038941293877,2.498384,0.5647333442820602,2.536624,0.536763153191424,photos/2025/05/16/photo_20250516_030002.jpg,2025-05-16 03:00:13,3,Cultivo3,1,Stationary
1867,26.9375,6.367058,2.386016,0.5887100963971996,2.471792,0.5977192557848543,2.36168,0.5726985662143742,2.416736,0.5473674326300386,photos/2025/05/16/photo_20250516_040002.jpg,2025-05-16 04:00:13,4,Cultivo3,1,Stationary
1868,26.9375,6.292188,2.448048,0.6214363452003754,2.576,0.6507103810452082,2.351808,0.569860500206849,2.463904,0.5521386409082414,photos/2025/05/16/photo_20250516_050002.jpg,2025-05-16 05:00:13,5,Cultivo3,1,Stationary
1869,26.9375,6.360547,2.41568,0.5820039585294932,2.504704,0.6059916438235763,2.393984,0.5809321282215334,2.449344,0.5478776958993677,photos/2025/05/16/photo_20250516_060002.jpg,2025-05-16 06:00:13,6,Cultivo3,1,Stationary
1870,26.875,6.334505,2.365392,0.5719868409115719,2.465856,0.5929200513256404,2.375232,0.588728024079031,2.420544,0.5438002795733007,photos/2025/05/16/photo_20250516_070002.jpg,2025-05-16 07:00:13,7,Cultivo3,1,Stationary
1871,27.0625,6.637239,2.449152,0.578368878830803,2.528208,0.5951977055869756,2.4212,0.5683295530728628,2.474704,0.5417454313457567,photos/2025/05/16/photo_20250516_080002.jpg,2025-05-16 08:00:13,8,Cultivo3,1,Stationary
1872,27.3125,7.177605,2.47328,0.5796068253014279,2.554,0.5995298157723268,2.433008,0.5587468492976044,2.493504,0.5391899498173163,photos/2025/05/16/photo_20250516_090002.jpg,2025-05-16 09:00:13,9,Cultivo3,1,Stationary
1873,27.5,7.26875,2.633424,0.4192725323509758,2.966224,0.4099502187144191,2.956704,0.781407727261511,2.960224,0.383814890049878,photos/2025/05/16/photo_20250516_100002.jpg,2025-05-16 10:00:13,10,Cultivo3,1,Stationary
1874,27.75,7.216667,2.473888,0.4198539826939838,3.003936,0.4050685224798392,3.027904,0.9161692875533428,3.013072,0.3791426154048105,photos/2025/05/16/photo_20250516_110002.jpg,2025-05-16 11:00:13,11,Cultivo3,1,Stationary
1875,28.0625,6.920443,2.201664,0.5620888536735095,3.0976,0.5065434236074928,3.184976,1.036256546953504,3.127536,0.4827323986475323,photos/2025/05/16/photo_20250516_120002.jpg,2025-05-16 12:00:13,12,Cultivo3,1,Stationary
1876,28.4375,7.203646,2.64704,0.5100575864586273,2.761056,0.5250159662943594,2.704864,0.5994357667006532,2.73296,0.49007921645383,photos/2025/05/16/photo_20250516_130002.jpg,2025-05-16 13:00:13,13,Cultivo3,1,Stationary
1877,28.875,7.425,2.548256,0.545790919323508,2.647488,0.5570989946643234,2.623872,0.6320437947357762,2.63568,0.539961977920668,photos/2025/05/16/photo_20250516_140002.jpg,2025-05-16 14:00:13,14,Cultivo3,1,Stationary
1878,29.125,7.467318,2.586048,0.5774542752461012,2.646112,0.596720439951574,2.5416,0.5524090347704317,2.593856,0.5426518693084914,photos/2025/05/16/photo_20250516_150002.jpg,2025-05-16 15:00:13,15,Cultivo3,1,Stationary
1879,29.4375,7.623568,2.457344,0.6016539658773971,2.520496,0.6182911239731653,2.467312,0.620519512718174,2.493952,0.5868521293273119,photos/2025/05/16/photo_20250516_160002.jpg,2025-05-16 16:00:13,16,Cultivo3,1,Stationary
1880,29.5625,7.727735,2.33144,0.6337251712722164,2.376752,0.6556294155206888,2.335536,0.6478422079488183,2.356144,0.6285168663321614,photos/2025/05/16/photo_20250516_170002.jpg,2025-05-16 17:00:13,17,Cultivo3,1,Stationary
1881,29.6875,7.789583,2.300784,0.68741710954558,2.354288,0.714915388739115,2.288752,0.6919718096454508,2.321776,0.6779942520582309,photos/2025/05/16/photo_20250516_180002.jpg,2025-05-16 18:00:13,18,Cultivo3,1,Stationary
1882,29.8125,7.659375,2.191264,0.7367715363014508,2.28624,0.7980893824628918,2.103536,0.7130961241684042,2.194928,0.7114851191809988,photos/2025/05/16/photo_20250516_190002.jpg,2025-05-16 19:00:13,19,Cultivo3,1,Stationary
1883,30.0,7.750521,2.298432,0.6742597196926419,2.386416,0.7593751872059029,2.21048,0.6598623654793475,2.298464,0.6597751440483342,photos/2025/05/16/photo_20250516_200002.jpg,2025-05-16 20:00:13,20,Cultivo3,1,Stationary
1884,30.125,7.838411,2.067952,0.7039961925351584,2.139376,0.7545159578325696,2.015664,0.6943475539641513,2.07752,0.6885511234469086,photos/2025/05/16/photo_20250516_210002.jpg,2025-05-16 21:00:13,21,Cultivo3,1,Stationary
1885,30.1875,7.857943,2.149344,0.682838233774296,2.209792,0.7426784746685473,2.099136,0.6772653613348316,2.154464,0.6755004609206422,photos/2025/05/16/photo_20250516_220002.jpg,2025-05-16 22:00:13,22,Cultivo3,1,Stationary
1886,30.1875,7.809114,2.222352,0.6913045024705105,2.29216,0.7479375203852257,2.172192,0.6851215863596767,2.232176,0.6797634184214387,photos/2025/05/16/photo_20250516_230002.jpg,2025-05-16 23:00:13,23,Cultivo3,1,Stationary
1887,30.125,7.88073,2.247952,0.6891128285672818,2.28168,0.7158996980024506,2.236752,0.6945327967029346,2.259216,0.6867365326994043,photos/2025/05/17/photo_20250517_000002.jpg,2025-05-17 00:00:13,0,Cultivo3,1,Stationary
1888,30.125,7.883985,2.133328,0.7086278745406506,2.179312,0.7475554873425784,2.099632,0.7059289230623718,2.139472,0.7015094876165253,photos/2025/05/17/photo_20250517_010002.jpg,2025-05-17 01:00:13,1,Cultivo3,1,Stationary
1889,30.125,7.610547,2.195744,0.6741521339994409,2.237344,0.711766693280881,2.172832,0.6757664437244573,2.205088,0.6697483947393976,photos/2025/05/17/photo_20250517_020002.jpg,2025-05-17 02:00:13,2,Cultivo3,1,Stationary
1890,30.0625,7.81237,2.02648,0.6975265950370638,2.132752,0.8061717599221644,1.920096,0.6871759669837123,2.02648,0.6871759669837123,photos/2025/05/17/photo_20250517_030002.jpg,2025-05-17 03:00:13,3,Cultivo3,1,Stationary
1891,30.0625,7.809114,2.1688,0.6221635785418494,2.223456,0.6732276108895119,2.118256,0.60930333988909,2.170864,0.6077939564556396,photos/2025/05/17/photo_20250517_040002.jpg,2025-05-17 04:00:13,4,Cultivo3,1,Stationary
1892,30.0,7.864453,2.20976,0.6696673992363672,2.258592,0.711152710418796,2.16912,0.6608363960921039,2.213856,0.6588911983506838,photos/2025/05/17/photo_20250517_050002.jpg,2025-05-17 05:00:13,5,Cultivo3,1,Stationary
1893,30.0,7.714714,2.075024,0.6816542661965814,2.125872,0.7307723582730807,2.035376,0.6797789342308277,2.080624,0.67528643598402,photos/2025/05/17/photo_20250517_060002.jpg,2025-05-17 06:00:13,6,Cultivo3,1,Stationary
1894,29.9375,7.65612,2.1416,0.6714161151000175,2.219104,0.7394872799338742,2.064128,0.6534687750765142,2.141632,0.6533883811149385,photos/2025/05/17/photo_20250517_070002.jpg,2025-05-17 07:00:13,7,Cultivo3,1,Stationary
1895,29.875,7.766797,2.153488,0.6703232307357399,2.232384,0.7398470629420651,2.078656,0.6547621200527715,2.15552,0.6534627224256943,photos/2025/05/17/photo_20250517_080002.jpg,2025-05-17 08:00:13,8,Cultivo3,1,Stationary
1896,29.875,7.685417,2.117872,0.6479846911771914,2.168992,0.6932948174737786,2.0872,0.6452117416910513,2.128096,0.6406304822469815,photos/2025/05/17/photo_20250517_090002.jpg,2025-05-17 09:00:13,9,Cultivo3,1,Stationary
1897,29.875,7.610547,2.3316,0.6196045931914965,2.377424,0.6622138055220534,2.298064,0.6159557126936968,2.337744,0.6108297557126698,photos/2025/05/17/photo_20250517_100002.jpg,2025-05-17 10:00:13,10,Cultivo3,1,Stationary
1898,29.9375,7.88073,2.2652,0.6150259944295038,2.326272,0.6607469878977883,2.212224,0.5972109844937549,2.269248,0.5940383106298786,photos/2025/05/17/photo_20250517_110002.jpg,2025-05-17 11:00:13,11,Cultivo3,1,Stationary
1899,30.0,7.81888,2.368384,0.6261164313448419,2.439872,0.6752900292585401,2.30512,0.6032223707257549,2.372512,0.5999623403647932,photos/2025/05/17/photo_20250517_120002.jpg,2025-05-17 12:00:13,12,Cultivo3,1,Stationary
1900,30.0625,7.796094,2.478704,0.6027752289004583,2.5116,0.6098470627952551,2.491632,0.6207434900053321,2.501616,0.5977937675687159,photos/2025/05/17/photo_20250517_130002.jpg,2025-05-17 13:00:13,13,Cultivo3,1,Stationary
1901,30.25,7.776563,2.33112,0.5916561637167317,2.3748,0.6104596301148832,2.326544,0.5987783776991285,2.350672,0.5812169546873182,photos/2025/05/17/photo_20250517_140002.jpg,2025-05-17 14:00:13,14,Cultivo3,1,Stationary
1902,30.4375,7.822136,2.439792,0.6064689934365977,2.483376,0.6387704146436339,2.4044,0.5951327555562709,2.443888,0.5915973659981931,photos/2025/05/17/photo_20250517_150002.jpg,2025-05-17 15:00:13,15,Cultivo3,1,Stationary
1903,30.5625,8.020703,2.272432,0.6646995062432346,2.378816,0.7209233233458325,2.16608,0.6203521623852052,2.272464,0.6202607263917328,photos/2025/05/17/photo_20250517_160002.jpg,2025-05-17 16:00:13,16,Cultivo3,1,Stationary
1904,30.625,7.883985,2.296672,0.6159397215182667,2.32432,0.6400004199998622,2.284384,0.6168449759996428,2.304352,0.6114718800533676,photos/2025/05/17/photo_20250517_170002.jpg,2025-05-17 17:00:13,17,Cultivo3,1,Stationary
1905,30.75,8.098828,2.31096,0.632165243410297,2.357952,0.6699480320860716,2.263968,0.6159934077569337,2.31096,0.6159934077569337,photos/2025/05/17/photo_20250517_180002.jpg,2025-05-17 18:00:13,18,Cultivo3,1,Stationary
1906,30.875,7.955599,2.003376,0.6368953705468426,2.04896,0.6755641482494464,1.978176,0.6351854867863402,2.013568,0.6297744908901916,photos/2025/05/17/photo_20250517_190002.jpg,2025-05-17 19:00:13,19,Cultivo3,1,Stationary
1907,30.875,8.05,2.14752,0.6304107391978662,2.204784,0.6837773858091536,2.094352,0.6175288249142707,2.149568,0.6163095110218566,photos/2025/05/17/photo_20250517_200002.jpg,2025-05-17 20:00:13,20,Cultivo3,1,Stationary
1908,30.8125,7.988152,2.10088,0.6885650821701605,2.197072,0.7759965378891841,2.004704,0.671463495359204,2.100896,0.6714253474393114,photos/2025/05/17/photo_20250517_210002.jpg,2025-05-17 21:00:13,21,Cultivo3,1,Stationary
1909,30.8125,8.102083,2.115536,0.6491821316086881,2.189472,0.7177773758039465,2.0416,0.6314518451188499,2.115536,0.6314518451188499,photos/2025/05/17/photo_20250517_220002.jpg,2025-05-17 22:00:13,22,Cultivo3,1,Stationary
1910,30.8125,7.984896,2.091088,0.6765748828444639,2.15992,0.7513039289129267,2.026352,0.670527386656205,2.093136,0.6697206025679665,photos/2025/05/17/photo_20250517_230002.jpg,2025-05-17 23:00:13,23,Cultivo3,1,Stationary
1911,30.8125,7.932813,2.160432,0.6387750004375562,2.235296,0.712221729789256,2.088896,0.6249012508996922,2.162096,0.6241641505117064,photos/2025/05/18/photo_20250518_000002.jpg,2025-05-18 00:00:13,0,Cultivo3,1,Stationary
1912,30.75,8.137891,2.055296,0.6418210641604091,2.104784,0.6844649832854856,2.00904,0.6295254978029088,2.056944,0.6276602431761948,photos/2025/05/18/photo_20250518_010002.jpg,2025-05-18 01:00:13,1,Cultivo3,1,Stationary
1913,30.75,8.03698,2.024416,0.6607833681199914,2.092528,0.7226386159180811,1.956304,0.6439222460390694,2.024416,0.6439222460390694,photos/2025/05/18/photo_20250518_020002.jpg,2025-05-18 02:00:13,2,Cultivo3,1,Stationary
1914,30.6875,7.994661,2.029088,0.6524752782565788,2.106288,0.730620873679366,1.951792,0.6381613340339573,2.029088,0.6381613340339573,photos/2025/05/18/photo_20250518_030002.jpg,2025-05-18 03:00:13,3,Cultivo3,1,Stationary
1915,30.625,7.965364,2.06168,0.6745773250147087,2.114352,0.7249797377140964,2.009024,0.6634844215202043,2.061696,0.6634467601729622,photos/2025/05/18/photo_20250518_040002.jpg,2025-05-18 04:00:13,4,Cultivo3,1,Stationary
1916,30.625,7.949089,2.12736,0.629698687259232,2.224944,0.714607722365215,2.029792,0.6041749998137956,2.127376,0.604131901677109,photos/2025/05/18/photo_20250518_050002.jpg,2025-05-18 05:00:13,5,Cultivo3,1,Stationary
1917,30.5,7.952344,2.140384,0.6031681901426832,2.193888,0.6609140968809789,2.08688,0.591327601709915,2.140384,0.591327601709915,photos/2025/05/18/photo_20250518_060002.jpg,2025-05-18 06:00:13,6,Cultivo3,1,Stationary
1918,30.5,7.81237,2.106848,0.6122638623861447,2.194592,0.6854531009018778,2.019104,0.5840338217055585,2.106848,0.5840338217055585,photos/2025/05/18/photo_20250518_070002.jpg,2025-05-18 07:00:13,7,Cultivo3,1,Stationary
1919,30.5,7.916536,2.142704,0.6258281476571663,2.210576,0.6837497701820455,2.07464,0.604625146999362,2.142704,0.604625146999362,photos/2025/05/18/photo_20250518_080002.jpg,2025-05-18 08:00:13,8,Cultivo3,1,Stationary
1920,30.375,7.932813,2.118736,0.6012128752313942,2.186256,0.6602156484543515,2.051216,0.5786862382189506,2.118736,0.5786862382189506,photos/2025/05/18/photo_20250518_090002.jpg,2025-05-18 09:00:13,9,Cultivo3,1,Stationary
1921,30.4375,7.870964,2.249424,0.6009095738162273,2.308912,0.6343101577745701,2.189936,0.5703154111752549,2.249424,0.5703154111752549,photos/2025/05/18/photo_20250518_100002.jpg,2025-05-18 10:00:13,10,Cultivo3,1,Stationary
1922,30.5,7.864453,2.286512,0.5778182935975634,2.308544,0.5906476107324907,2.272672,0.5714042998228137,2.290608,0.5689947190756695,photos/2025/05/18/photo_20250518_110002.jpg,2025-05-18 11:00:13,11,Cultivo3,1,Stationary
1923,30.5625,7.81237,2.280784,0.5823141642240895,2.314176,0.6046333112093643,2.251488,0.5677114983369634,2.282832,0.5662985606338762,photos/2025/05/18/photo_20250518_120002.jpg,2025-05-18 12:00:13,12,Cultivo3,1,Stationary
1924,30.6875,8.027214,2.39096,0.5923042632161278,2.416944,0.6101259713075653,2.385424,0.5938874290637914,2.401184,0.5856785792087669,photos/2025/05/18/photo_20250518_130002.jpg,2025-05-18 13:00:13,13,Cultivo3,1,Stationary
1925,30.8125,7.965364,2.281664,0.5879094735212216,2.343136,0.6316341389633716,2.231712,0.5684728587223843,2.287424,0.5645630560212029,photos/2025/05/18/photo_20250518_140002.jpg,2025-05-18 14:00:13,14,Cultivo3,1,Stationary
1926,30.875,7.994661,2.342624,0.5952342106297318,2.391456,0.6165015815583931,2.296864,0.5675075282531501,2.34416,0.5662383724192489,photos/2025/05/18/photo_20250518_150002.jpg,2025-05-18 15:00:13,15,Cultivo3,1,Stationary
1927,30.9375,8.053255,2.19504,0.5640239373076289,2.254592,0.6064049088983366,2.135488,0.5337934042305131,2.19504,0.5337934042305131,photos/2025/05/18/photo_20250518_160002.jpg,2025-05-18 16:00:13,16,Cultivo3,1,Stationary
1928,31.125,8.105339,2.063296,0.6320162055643826,2.102464,0.6565829183766511,2.051648,0.6344206935338726,2.077056,0.6242934989762426,photos/2025/05/18/photo_20250518_170002.jpg,2025-05-18 17:00:13,17,Cultivo3,1,Stationary
1929,31.1875,8.076042,2.11712,0.5684739185714679,2.163936,0.6153283577928129,2.070352,0.5525024032526917,2.117152,0.5524087335442842,photos/2025/05/18/photo_20250518_180002.jpg,2025-05-18 18:00:13,18,Cultivo3,1,Stationary
1930,31.25,8.141146,1.891312,0.6076872677817102,2.015424,0.7275287624719726,1.766976,0.58241816477167,1.891312,0.58241816477167,photos/2025/05/18/photo_20250518_190002.jpg,2025-05-18 19:00:13,19,Cultivo3,1,Stationary
1931,31.3125,8.13138,1.96496,0.6189783078073091,2.036384,0.6855918644091396,1.893408,0.5998834873540028,1.96496,0.5998834873540028,photos/2025/05/18/photo_20250518_200002.jpg,2025-05-18 20:00:13,20,Cultivo3,1,Stationary
1932,31.3125,8.248568,2.10256,0.5702397225588549,2.136224,0.6056294426660579,2.068896,0.5594081214998581,2.10256,0.5594081214998581,photos/2025/05/18/photo_20250518_210002.jpg,2025-05-18 21:00:13,21,Cultivo3,1,Stationary
1933,31.25,8.154167,1.87128,0.5681506997830769,1.945904,0.6422473221306572,1.796656,0.5464276361971455,1.87128,0.5464276361971455,photos/2025/05/18/photo_20250518_220002.jpg,2025-05-18 22:00:13,22,Cultivo3,1,Stationary
1934,31.25,8.13138,1.945728,0.569923633677355,2.002048,0.6178898006084904,1.889424,0.5477796546203592,1.945744,0.5477374247429146,photos/2025/05/18/photo_20250518_230002.jpg,2025-05-18 23:00:13,23,Cultivo3,1,Stationary
1935,31.3125,8.186719,2.031216,0.5498803339782211,2.05848,0.5816013149916358,2.003952,0.5400162602588925,2.031216,0.5400162602588925,photos/2025/05/19/photo_20250519_000002.jpg,2025-05-19 00:00:13,0,Cultivo3,1,Stationary
1936,31.25,8.069531,2.044688,0.5805162184952285,2.094368,0.628489204820576,1.995008,0.564555562062761,2.044688,0.564555562062761,photos/2025/05/19/photo_20250519_010002.jpg,2025-05-19 01:00:13,1,Cultivo3,1,Stationary
1937,31.25,8.079297,1.93584,0.5680477501055698,2.009136,0.6446305403128214,1.86256,0.5478790873906395,1.935856,0.54783715396457,photos/2025/05/19/photo_20250519_020002.jpg,2025-05-19 02:00:13,2,Cultivo3,1,Stationary
1938,31.1875,7.997917,1.88184,0.5451168403782807,1.913024,0.5773484003822995,1.850656,0.533462477030953,1.88184,0.533462477030953,photos/2025/05/19/photo_20250519_030002.jpg,2025-05-19 03:00:13,3,Cultivo3,1,Stationary
1939,31.0625,8.154167,1.965024,0.5890905943774692,2.057344,0.6742875244760206,1.872704,0.5625590452779157,1.965024,0.5625590452779157,photos/2025/05/19/photo_20250519_040002.jpg,2025-05-19 04:00:13,4,Cultivo3,1,Stationary
1940,31.0625,7.890495,1.990096,0.5427797747742633,2.026128,0.5743634107566393,1.954064,0.5254616168513166,1.990096,0.5254616168513166,photos/2025/05/19/photo_20250519_050002.jpg,2025-05-19 05:00:13,5,Cultivo3,1,Stationary
1941,31.0,7.991406,1.921008,0.5795258963808261,1.991648,0.6432621892323533,1.850368,0.5545018159898126,1.921008,0.5545018159898126,photos/2025/05/19/photo_20250519_060002.jpg,2025-05-19 06:00:13,6,Cultivo3,1,Stationary
1942,30.875,8.059766,2.062112,0.5757762009670077,2.138144,0.6415888366111119,1.98608,0.5486985506231997,2.062112,0.5486985506231997,photos/2025/05/19/photo_20250519_070002.jpg,2025-05-19 07:00:13,7,Cultivo3,1,Stationary
1943,30.25,8.837761,2.084208,0.5176723967916389,2.115072,0.5411750500679054,2.05336,0.5004927699138121,2.084224,0.5004421223518261,photos/2025/05/19/photo_20250519_080002.jpg,2025-05-19 08:00:13,8,Cultivo3,1,Stationary
1944,30.3125,8.896355,2.791648,1.281421151066268,2.86104,0.6786119055837437,3.05344,0.6426798924005636,2.925536,0.7808861073831446,photos/2025/05/19/photo_20250519_090002.jpg,2025-05-19 09:00:13,9,Cultivo3,1,Stationary
1945,30.3125,8.922396,2.753152,1.520553595104099,2.988576,0.6972614231577708,3.284304,0.8265555425354063,3.091104,0.8459905798435347,photos/2025/05/19/photo_20250519_100002.jpg,2025-05-19 10:00:13,10,Cultivo3,1,Stationary
1946,30.0625,9.628777,2.709984,1.6507144690030435,2.965488,0.7203838711798036,3.282768,0.8466325765903412,3.072672,0.9032910828830316,photos/2025/05/19/photo_20250519_110002.jpg,2025-05-19 11:00:13,11,Cultivo3,1,Stationary
1947,29.375,9.306511,2.651872,1.7591221428883217,3.030064,0.7386096099456058,3.39192,0.940139827693732,3.152576,0.9453637205985852,photos/2025/05/19/photo_20250519_120002.jpg,2025-05-19 12:00:13,12,Cultivo3,1,Stationary
1948,28.625,9.140495,2.706064,1.871041809884536,3.084688,0.7945891659568485,3.563392,0.9985357419261466,3.254736,1.001657411645319,photos/2025/05/19/photo_20250519_130002.jpg,2025-05-19 13:00:13,13,Cultivo3,1,Stationary
1949,28.0,9.049349,2.633296,1.7931271754295623,3.018272,0.7369247817898379,3.475856,0.9707441353848087,3.182768,0.9436036552366676,photos/2025/05/19/photo_20250519_140002.jpg,2025-05-19 14:00:13,14,Cultivo3,1,Stationary
1950,27.9375,9.06888,2.313856,0.5704590250526326,2.337856,0.5884737235119337,2.289856,0.5589619050203689,2.313856,0.5589619050203689,photos/2025/05/19/photo_20250519_150002.jpg,2025-05-19 15:00:13,15,Cultivo3,1,Stationary
1951,28.3125,9.137239,2.207616,0.5248418383322732,2.217088,0.538390936268433,2.198144,0.5190757136911723,2.207616,0.5190757136911723,photos/2025/05/19/photo_20250519_160002.jpg,2025-05-19 16:00:13,16,Cultivo3,1,Stationary
1952,28.6875,9.326042,2.017056,0.5099710608887528,2.041696,0.5308610398060871,1.992416,0.4968994796374816,2.017056,0.4968994796374816,photos/2025/05/19/photo_20250519_170002.jpg,2025-05-19 17:00:13,17,Cultivo3,1,Stationary
1953,29.125,9.36836,2.100592,0.5506286081053181,2.13176,0.5797096707835743,2.069456,0.5360683254362264,2.100624,0.5359727704128261,photos/2025/05/19/photo_20250519_180002.jpg,2025-05-19 18:00:13,18,Cultivo3,1,Stationary
1954,29.375,9.492058,1.936544,0.5290967738476582,2.00272,0.58393886803329,1.870352,0.4971653005429884,1.936544,0.4971653005429884,photos/2025/05/19/photo_20250519_190002.jpg,2025-05-19 19:00:13,19,Cultivo3,1,Stationary
1955,29.75,9.589714,1.969632,0.5500371033884897,2.01968,0.6035335099230199,1.923664,0.5369597606674079,1.97168,0.5363562040286287,photos/2025/05/19/photo_20250519_200002.jpg,2025-05-19 20:00:13,20,Cultivo3,1,Stationary
1956,29.9375,9.628777,1.941328,0.533637174117396,1.978736,0.5644216883713807,1.90392,0.5154237057179268,1.941328,0.5154237057179268,photos/2025/05/19/photo_20250519_210002.jpg,2025-05-19 21:00:13,21,Cultivo3,1,Stationary
1957,30.125,9.716667,1.917776,0.5152047251957226,1.942032,0.5364920418570998,1.900944,0.5098462648916828,1.921488,0.5057072926664198,photos/2025/05/19/photo_20250519_220002.jpg,2025-05-19 22:00:13,22,Cultivo3,1,Stationary
1958,30.1875,9.749219,1.849824,0.5443739270170826,1.894976,0.5830214056310453,1.804672,0.5236250271176885,1.849824,0.5236250271176885,photos/2025/05/19/photo_20250519_230002.jpg,2025-05-19 23:00:13,23,Cultivo3,1,Stationary
1959,30.25,9.706902,1.953904,0.5500811120407608,2.017584,0.6112763719824282,1.890224,0.5272448755407682,1.953904,0.5272448755407682,photos/2025/05/20/photo_20250520_000002.jpg,2025-05-20 00:00:13,0,Cultivo3,1,Stationary
1960,30.3125,9.758985,1.886336,0.5275689243918751,1.925168,0.5601001444170497,1.847504,0.5084333733184713,1.886336,0.5084333733184713,photos/2025/05/20/photo_20250520_010002.jpg,2025-05-20 01:00:13,1,Cultivo3,1,Stationary
1961,30.375,9.75573,2.0112,0.5651194962625161,2.050064,0.6005643977992702,1.972288,0.5496785970001015,2.0112,0.5496785970001015,photos/2025/05/20/photo_20250520_020002.jpg,2025-05-20 02:00:13,2,Cultivo3,1,Stationary
1962,30.375,9.75573,1.984416,0.5340727800590478,2.086464,0.6055575750529424,1.88216,0.4828386261930584,1.984416,0.4828386261930584,photos/2025/05/20/photo_20250520_030002.jpg,2025-05-20 03:00:13,3,Cultivo3,1,Stationary
1963,30.3125,9.749219,1.991056,0.4872655275473528,2.028752,0.5140791013997749,1.953392,0.4619264063289736,1.991088,0.4618231006088804,photos/2025/05/20/photo_20250520_040002.jpg,2025-05-20 04:00:13,4,Cultivo3,1,Stationary
1964,30.25,8.300652,1.856304,0.5541997701334782,1.955952,0.6390459871527244,1.756528,0.5166734554667968,1.856304,0.5166734554667968,photos/2025/05/20/photo_20250520_050002.jpg,2025-05-20 05:00:13,5,Cultivo3,1,Stationary
1965,30.3125,8.450391,1.961696,0.5343842630018216,1.989024,0.5538876487375395,1.934384,0.5192656387476452,1.961712,0.5192205976807931,photos/2025/05/20/photo_20250520_060002.jpg,2025-05-20 06:00:13,6,Cultivo3,1,Stationary
1966,30.25,8.508985,1.981344,0.4830595811864205,2.002656,0.5028488298325849,1.960032,0.4714275699023128,1.981344,0.4714275699023128,photos/2025/05/20/photo_20250520_070002.jpg,2025-05-20 07:00:13,7,Cultivo3,1,Stationary
1967,30.125,8.775911,2.214224,0.5578066752702051,2.240784,0.5461053610284374,2.191968,0.513727629998621,2.21576,0.5177408834542623,photos/2025/05/20/photo_20250520_080002.jpg,2025-05-20 08:00:13,8,Cultivo3,1,Stationary
1968,30.125,9.726433,2.159296,0.5260590750096419,2.171456,0.5133837162045559,2.15136,0.4904536516165416,2.160896,0.4936400279393883,photos/2025/05/20/photo_20250520_090002.jpg,2025-05-20 09:00:13,9,Cultivo3,1,Stationary
1969,30.125,9.632031,2.270624,0.5790220226001771,2.279904,0.5549970727706589,2.274688,0.5466796599691632,2.276512,0.5461914626355854,photos/2025/05/20/photo_20250520_100002.jpg,2025-05-20 10:00:13,10,Cultivo3,1,Stationary
1970,30.0,9.391146,2.826512,5.096409459845234,3.929392,2.1091397559991134,5.42776,1.386655657997327,4.357024,2.7607227067244544,photos/2025/05/20/photo_20250520_110002.jpg,2025-05-20 11:00:13,11,Cultivo3,1,Stationary
1971,29.3125,9.13073,2.849088,2.376422151049767,2.920912,0.930755117233314,3.2276,0.7487439938029554,3.029504,1.247664022877954,photos/2025/05/20/photo_20250520_120002.jpg,2025-05-20 12:00:13,12,Cultivo3,1,Stationary
1972,28.5625,8.977735,2.278512,0.5328677134148774,2.294448,0.5502620969101906,2.27,0.5243959056438179,2.282224,0.5217332784325723,photos/2025/05/20/photo_20250520_130002.jpg,2025-05-20 13:00:13,13,Cultivo3,1,Stationary
1973,28.0,9.042839,2.170336,0.5068200358470449,2.202496,0.5362269761807961,2.138208,0.488239333835364,2.170336,0.488239333835364,photos/2025/05/20/photo_20250520_140002.jpg,2025-05-20 14:00:13,14,Cultivo3,1,Stationary
1974,28.1875,9.094922,2.230704,0.5327437084978104,2.23992,0.5360805849869962,2.225584,0.5277647813031863,2.232752,0.5257703933239299,photos/2025/05/20/photo_20250520_150002.jpg,2025-05-20 15:00:13,15,Cultivo3,1,Stationary
1975,28.5,9.238152,2.119984,0.4748267708712305,2.14136,0.4964205378507219,2.098608,0.4637109441710428,2.119984,0.4637109441710428,photos/2025/05/20/photo_20250520_160002.jpg,2025-05-20 16:00:13,16,Cultivo3,1,Stationary
1976,28.9375,9.251172,1.999104,0.4890047319852845,2.042144,0.5362833982737112,1.956064,0.471015071079472,1.999104,0.471015071079472,photos/2025/05/20/photo_20250520_170002.jpg,2025-05-20 17:00:13,17,Cultivo3,1,Stationary
1977,29.3125,9.488802,1.925552,0.5061313410568447,1.978992,0.5469247333372299,1.87216,0.4766314040178217,1.9256,0.476487817262939,photos/2025/05/20/photo_20250520_180002.jpg,2025-05-20 18:00:13,18,Cultivo3,1,Stationary
1978,29.625,9.550652,1.840496,0.5327462149429126,1.861584,0.5652265129521086,1.819408,0.5297985220666438,1.840496,0.5297985220666438,photos/2025/05/20/photo_20250520_190002.jpg,2025-05-20 19:00:13,19,Cultivo3,1,Stationary
1979,29.8125,9.635286,1.893632,0.4970161284465525,1.914272,0.517697508218844,1.873008,0.4848895220315655,1.893632,0.4848895220315655,photos/2025/05/20/photo_20250520_200002.jpg,2025-05-20 20:00:13,20,Cultivo3,1,Stationary
1980,30.0,9.684114,1.884384,0.5259756675132415,1.91184,0.5543751567305303,1.856928,0.5150620744570502,1.884384,0.5150620744570502,photos/2025/05/20/photo_20250520_210002.jpg,2025-05-20 21:00:13,21,Cultivo3,1,Stationary
1981,30.1875,9.794792,1.9352,0.4854945952160538,1.963936,0.5161505477125836,1.906496,0.4724668877286534,1.935232,0.4723696711009291,photos/2025/05/20/photo_20250520_220002.jpg,2025-05-20 22:00:13,22,Cultivo3,1,Stationary
1982,30.375,9.716667,1.901136,0.4927167160793309,1.933536,0.5240749342450943,1.868736,0.4767577052382059,1.901136,0.4767577052382059,photos/2025/05/20/photo_20250520_230002.jpg,2025-05-20 23:00:13,23,Cultivo3,1,Stationary
1983,30.4375,9.729688,1.94168,0.5110236919126157,1.979312,0.5425016190353721,1.904048,0.4911769310543808,1.94168,0.4911769310543808,photos/2025/05/21/photo_20250521_000002.jpg,2025-05-21 00:00:13,0,Cultivo3,1,Stationary
1984,30.5,9.827344,1.910992,0.5328400655206026,1.97896,0.593529542988384,1.843024,0.5029806914146904,1.910992,0.5029806914146904,photos/2025/05/21/photo_20250521_010002.jpg,2025-05-21 01:00:13,1,Cultivo3,1,Stationary
1985,30.625,9.807813,1.935024,0.51253357472072,1.993536,0.5705490484647223,1.876528,0.4881824652975565,1.93504,0.48813543038792,photos/2025/05/21/photo_20250521_020002.jpg,2025-05-21 02:00:13,2,Cultivo3,1,Stationary
1986,30.5,9.863152,1.886256,0.4928981977487847,1.907728,0.5119197964681577,1.864784,0.4808724388691871,1.886256,0.4808724388691871,photos/2025/05/21/photo_20250521_030002.jpg,2025-05-21 03:00:13,3,Cultivo3,1,Stationary
1987,30.5625,9.833855,1.95808,0.4785251742594113,1.9864,0.5065402649345854,1.92976,0.4638304793779727,1.95808,0.4638304793779727,photos/2025/05/21/photo_20250521_040002.jpg,2025-05-21 04:00:13,4,Cultivo3,1,Stationary
1988,30.5625,9.801302,1.829488,0.4995743773093252,1.857248,0.5253321487363971,1.801744,0.4854334741815813,1.829488,0.4854334741815813,photos/2025/05/21/photo_20250521_050002.jpg,2025-05-21 05:00:13,5,Cultivo3,1,Stationary
1989,30.5,9.807813,1.990768,0.4529204473017309,2.009232,0.4642012173357584,1.972304,0.4373680031460921,1.990768,0.4373680031460921,photos/2025/05/21/photo_20250521_060002.jpg,2025-05-21 06:00:13,6,Cultivo3,1,Stationary
1990,30.4375,9.830599,1.963344,0.4759561380799705,1.989136,0.4954129323140444,1.937568,0.4590951292096225,1.96336,0.4590441268549245,photos/2025/05/21/photo_20250521_070002.jpg,2025-05-21 07:00:13,7,Cultivo3,1,Stationary
1991,30.375,9.544141,2.016048,0.4466530204801037,2.043632,0.461822745840869,1.988464,0.4228456712513443,2.016048,0.4228456712513443,photos/2025/05/21/photo_20250521_080002.jpg,2025-05-21 08:00:13,8,Cultivo3,1,Stationary
1992,30.4375,9.576693,2.043072,0.4388236738189953,2.092608,0.4667844881055924,1.993536,0.39670745243315,2.043072,0.39670745243315,photos/2025/05/21/photo_20250521_090002.jpg,2025-05-21 09:00:13,9,Cultivo3,1,Stationary
1993,30.0625,9.394402,2.244656,0.5075860093264983,2.244256,0.5095439200540028,2.245056,0.4961929480192156,2.244656,0.4961929480192156,photos/2025/05/21/photo_20250521_100002.jpg,2025-05-21 10:00:13,10,Cultivo3,1,Stationary
1994,29.1875,9.329297,2.504816,0.5817983747519411,2.496112,0.5802351966711431,2.520944,0.5648865427180931,2.508528,0.5602921320311397,photos/2025/05/21/photo_20250521_110002.jpg,2025-05-21 11:00:13,11,Cultivo3,1,Stationary
1995,28.5,9.124219,2.528176,0.5712390733974699,2.533488,0.5734514398412476,2.530032,0.5601054481291894,2.53176,0.5563014492161602,photos/2025/05/21/photo_20250521_120002.jpg,2025-05-21 12:00:13,12,Cultivo3,1,Stationary
1996,27.9375,8.766146,2.539696,0.5804414928793428,2.53008,0.5815076900609312,2.549312,0.562373743682971,2.539696,0.562373743682971,photos/2025/05/21/photo_20250521_130002.jpg,2025-05-21 13:00:13,13,Cultivo3,1,Stationary
1997,27.5625,8.463411,2.615536,0.5855235961086452,2.596496,0.5900919606163094,2.64072,0.5676155677075814,2.618608,0.5635850799444571,photos/2025/05/21/photo_20250521_140002.jpg,2025-05-21 14:00:13,14,Cultivo3,1,Stationary
1998,27.125,8.795443,2.230624,0.490113440321728,2.251744,0.5132026485356442,2.209296,0.4763156208062044,2.230624,0.4763156208062044,photos/2025/05/21/photo_20250521_150002.jpg,2025-05-21 15:00:13,15,Cultivo3,1,Stationary
1999,26.875,8.736849,2.239376,0.4884582409827886,2.24992,0.5037181688206214,2.232896,0.4875685906864798,2.241408,0.4825538079178321,photos/2025/05/21/photo_20250521_160002.jpg,2025-05-21 16:00:13,16,Cultivo3,1,Stationary
2000,26.625,8.805208,2.31536,0.5416706579610899,2.306784,0.5461973794737577,2.323952,0.5282765094152873,2.31536,0.5282765094152873,photos/2025/05/21/photo_20250521_170002.jpg,2025-05-21 17:00:13,17,Cultivo3,1,Stationary
2001,26.5,8.736849,1.948208,0.4808306782891458,1.97752,0.4998786348705053,1.918896,0.4605275113779848,1.948208,0.4605275113779848,photos/2025/05/21/photo_20250521_180002.jpg,2025-05-21 18:00:13,18,Cultivo3,1,Stationary
2002,27.0625,8.909375,1.934656,0.466796237585523,1.958368,0.4773874491186378,1.910976,0.4468760025599943,1.934688,0.4467732564243298,photos/2025/05/21/photo_20250521_190002.jpg,2025-05-21 19:00:13,19,Cultivo3,1,Stationary
2003,27.5,9.003777,1.93016,0.4879290941274152,1.979504,0.5231098488692408,1.880848,0.4570540169389172,1.930192,0.4569538741886319,photos/2025/05/21/photo_20250521_200002.jpg,2025-05-21 20:00:13,20,Cultivo3,1,Stationary
2004,27.8125,9.06888,1.92832,0.4885504722175592,1.962576,0.5206682669646768,1.894064,0.4709628197639385,1.92832,0.4709628197639385,photos/2025/05/21/photo_20250521_210002.jpg,2025-05-21 21:00:13,21,Cultivo3,1,Stationary
2005,28.1875,9.205599,1.94432,0.4653336970390174,1.98112,0.4897300742245671,1.90752,0.4382918406723994,1.94432,0.4382918406723994,photos/2025/05/21/photo_20250521_220002.jpg,2025-05-21 22:00:13,22,Cultivo3,1,Stationary
2006,28.5625,9.290235,1.924864,0.4813815488611919,1.935424,0.4912249385200226,1.914304,0.473981625702938,1.924864,0.473981625702938,photos/2025/05/21/photo_20250521_230002.jpg,2025-05-21 23:00:13,23,Cultivo3,1,Stationary
2007,28.75,9.36836,1.872624,0.4739737646747972,1.910768,0.503545082565603,1.83448,0.4499059397518553,1.872624,0.4499059397518553,photos/2025/05/22/photo_20250522_000002.jpg,2025-05-22 00:00:13,0,Cultivo3,1,Stationary
2008,28.875,9.391146,1.914768,0.4897112163877809,1.941424,0.508874102528317,1.888112,0.4714398224333621,1.914768,0.4714398224333621,photos/2025/05/22/photo_20250522_010002.jpg,2025-05-22 01:00:13,1,Cultivo3,1,Stationary
2009,29.0,9.469271,1.97664,0.4688419814649708,1.991584,0.4785573852151903,1.961696,0.4577142235063272,1.97664,0.4577142235063272,photos/2025/05/22/photo_20250522_020002.jpg,2025-05-22 02:00:13,2,Cultivo3,1,Stationary
2010,28.9375,9.433464,1.963344,0.4341593967933897,1.992912,0.4552952451497818,1.933776,0.4113396864684953,1.963344,0.4113396864684953,photos/2025/05/22/photo_20250522_030002.jpg,2025-05-22 03:00:13,3,Cultivo3,1,Stationary
2011,29.0,9.514844,1.948304,0.4482513292160995,1.955792,0.4512534240712196,1.940816,0.4414153640099085,1.948304,0.4414153640099085,photos/2025/05/22/photo_20250522_040002.jpg,2025-05-22 04:00:13,4,Cultivo3,1,Stationary
2012,29.0625,9.378125,2.010544,0.4634058195577608,2.077024,0.4967930186949088,1.94408,0.4099571002726992,2.010544,0.4099571002726992,photos/2025/05/22/photo_20250522_050002.jpg,2025-05-22 05:00:13,5,Cultivo3,1,Stationary
2013,29.0625,9.547396,1.867952,0.4853623930054738,1.886288,0.4977525299343038,1.849616,0.471511745024448,1.867952,0.471511745024448,photos/2025/05/22/photo_20250522_060002.jpg,2025-05-22 06:00:13,6,Cultivo3,1,Stationary
2014,29.0,9.361849,1.900336,0.4967020383932403,1.984256,0.5529630425842219,1.816416,0.4465009374055109,1.900336,0.4465009374055109,photos/2025/05/22/photo_20250522_070002.jpg,2025-05-22 07:00:13,7,Cultivo3,1,Stationary
2015,29.0625,9.176302,1.90144,0.4847946610927146,1.914,0.4941052519453724,1.892976,0.4805808219228062,1.903488,0.4773902322586837,photos/2025/05/22/photo_20250522_080002.jpg,2025-05-22 08:00:13,8,Cultivo3,1,Stationary
2016,29.0625,9.163281,2.170624,0.4543195421726871,2.178688,0.4624182075308021,2.16256,0.4487220193215394,2.170624,0.4487220193215394,photos/2025/05/22/photo_20250522_090002.jpg,2025-05-22 09:00:13,9,Cultivo3,1,Stationary
2017,28.875,9.179558,2.227936,0.4835418475540664,2.23848,0.4971028963906768,2.217392,0.4782438498339524,2.227936,0.4782438498339524,photos/2025/05/22/photo_20250522_100002.jpg,2025-05-22 10:00:13,10,Cultivo3,1,Stationary
2018,28.25,8.948438,2.300032,0.5198024545382601,2.306048,0.5266636703779748,2.294016,0.5085162720857613,2.300032,0.5085162720857613,photos/2025/05/22/photo_20250522_110002.jpg,2025-05-22 11:00:13,11,Cultivo3,1,Stationary
2019,27.6875,8.759636,3.023712,3.061778585060651,3.421632,1.2452864957815934,4.568992,1.10193182232659,3.809088,1.6053911075672498,photos/2025/05/22/photo_20250522_120002.jpg,2025-05-22 12:00:13,12,Cultivo3,1,Stationary
2020,27.25,8.850781,2.507072,0.5797181052891138,2.50248,0.5757307092730073,2.53928,0.5773577632768092,2.52088,0.5610811221205005,photos/2025/05/22/photo_20250522_130002.jpg,2025-05-22 13:00:13,13,Cultivo3,1,Stationary
2021,26.75,8.704297,2.923648,2.933900924145872,3.354752,1.2115605715340856,4.484464,1.1184678681553617,3.738432,1.5387157571741443,photos/2025/05/22/photo_20250522_140002.jpg,2025-05-22 14:00:13,14,Cultivo3,1,Stationary
2022,26.25,8.561068,2.879376,2.5792093547721167,3.216336,0.9947696894779212,4.027984,0.997866649720292,3.493136,1.3254195130237068,photos/2025/05/22/photo_20250522_150002.jpg,2025-05-22 15:00:13,15,Cultivo3,1,Stationary
2023,26.25,8.635938,2.015648,0.4118665526793842,2.036768,0.4246694175190863,1.994528,0.3916875541755188,2.015648,0.3916875541755188,photos/2025/05/22/photo_20250522_160002.jpg,2025-05-22 16:00:13,16,Cultivo3,1,Stationary
2024,26.625,8.805208,1.9972,0.4600129122361676,2.05944,0.4947432530110947,1.934976,0.411213034812857,1.997216,0.4111547754118879,photos/2025/05/22/photo_20250522_170002.jpg,2025-05-22 17:00:13,17,Cultivo3,1,Stationary
2025,27.125,8.941927,1.889504,0.4835715392783161,1.912928,0.5003383523336983,1.86608,0.4682036244883202,1.889504,0.4682036244883202,photos/2025/05/22/photo_20250522_180002.jpg,2025-05-22 18:00:13,18,Cultivo3,1,Stationary
2026,27.625,9.059114,1.918432,0.4845494637124264,1.962816,0.5199628353488354,1.874096,0.4577189764211224,1.91848,0.4575702018269983,photos/2025/05/22/photo_20250522_190002.jpg,2025-05-22 19:00:13,19,Cultivo3,1,Stationary
2027,28.0625,9.205599,1.8832,0.4717466577051712,1.924688,0.5049595059566658,1.841712,0.4458046208822874,1.8832,0.4458046208822874,photos/2025/05/22/photo_20250522_200002.jpg,2025-05-22 20:00:13,20,Cultivo3,1,Stationary
2028,28.25,9.21862,1.922784,0.4595790143163632,1.970928,0.4881012382856655,1.87464,0.4228163778095641,1.922784,0.4228163778095641,photos/2025/05/22/photo_20250522_210002.jpg,2025-05-22 21:00:13,21,Cultivo3,1,Stationary
2029,28.5,9.231641,1.934208,0.4527845074381411,1.969216,0.4759625461567327,1.899232,0.4266982689629758,1.93424,0.4265906965699088,photos/2025/05/22/photo_20250522_220002.jpg,2025-05-22 22:00:13,22,Cultivo3,1,Stationary
2030,28.75,9.397656,1.924336,0.4931905701612714,1.973424,0.5363410446945116,1.875248,0.4670449219336401,1.924336,0.4670449219336401,photos/2025/05/22/photo_20250522_230002.jpg,2025-05-22 23:00:13,23,Cultivo3,1,Stationary
2031,28.875,9.37487,1.817504,0.4736945581279143,1.842848,0.4962653009187726,1.79216,0.4589457593049531,1.817504,0.4589457593049531,photos/2025/05/23/photo_20250523_000002.jpg,2025-05-23 00:00:13,0,Cultivo3,1,Stationary
2032,28.875,9.417188,1.960256,0.4309883574111949,1.967936,0.4390852991207973,1.952576,0.4262070089334524,1.960256,0.4262070089334524,photos/2025/05/23/photo_20250523_010002.jpg,2025-05-23 01:00:13,1,Cultivo3,1,Stationary
2033,28.9375,9.352083,1.887312,0.4678093481066833,1.909392,0.4845102582360873,1.865232,0.4529960426493812,1.887312,0.4529960426493812,photos/2025/05/23/photo_20250523_020002.jpg,2025-05-23 02:00:13,2,Cultivo3,1,Stationary
2034,28.875,9.378125,1.91352,0.463463670999141,1.960432,0.4950821885061106,1.866608,0.4303965724770586,1.91352,0.4303965724770586,photos/2025/05/23/photo_20250523_030002.jpg,2025-05-23 03:00:13,3,Cultivo3,1,Stationary
2035,28.875,9.335808,1.984992,0.4124852058631921,1.997696,0.421609643608872,1.972288,0.4014358727567829,1.984992,0.4014358727567829,photos/2025/05/23/photo_20250523_040002.jpg,2025-05-23 04:00:13,4,Cultivo3,1,Stationary
2036,28.875,9.45625,1.942272,0.4496423550156279,1.983568,0.4771938698013628,1.900976,0.4182959215866202,1.942272,0.4182959215866202,photos/2025/05/23/photo_20250523_050002.jpg,2025-05-23 05:00:13,5,Cultivo3,1,Stationary
2037,28.8125,9.329297,1.922816,0.4561568336614064,1.950784,0.4717391072870681,1.894848,0.4337310573892536,1.922816,0.4337310573892536,photos/2025/05/23/photo_20250523_060002.jpg,2025-05-23 06:00:13,6,Cultivo3,1,Stationary
2038,28.6875,9.208855,1.968624,0.4429493988978877,1.989744,0.4609629209209782,1.947504,0.4285691853411768,1.968624,0.4285691853411768,photos/2025/05/23/photo_20250523_070002.jpg,2025-05-23 07:00:13,7,Cultivo3,1,Stationary
2039,28.75,9.186068,1.980432,0.4139354539055576,2.002064,0.4226910691083974,1.9588,0.391980985987841,1.980432,0.391980985987841,photos/2025/05/23/photo_20250523_080002.jpg,2025-05-23 08:00:13,8,Cultivo3,1,Stationary
2040,28.8125,9.111198,2.003232,0.4229220882573999,2.052256,0.4496991332702343,1.954208,0.3781924829713039,2.003232,0.3781924829713039,photos/2025/05/23/photo_20250523_090002.jpg,2025-05-23 09:00:13,9,Cultivo3,1,Stationary
2041,28.8125,9.166536,2.021552,0.4008150834686738,2.044928,0.4096016049968554,1.998192,0.3716335712714878,2.021552,0.3716335712714878,photos/2025/05/23/photo_20250523_100002.jpg,2025-05-23 10:00:13,10,Cultivo3,1,Stationary
2042,28.9375,9.420443,2.129888,0.4417367495511325,2.133776,0.4437386413464575,2.130064,0.4439742193596381,2.13192,0.4388953333085236,photos/2025/05/23/photo_20250523_110002.jpg,2025-05-23 11:00:13,11,Cultivo3,1,Stationary
2043,29.0,9.36836,2.23136,0.4927358150408796,2.245696,0.5033820374069778,2.217024,0.4783728152811362,2.23136,0.4783728152811362,photos/2025/05/23/photo_20250523_120002.jpg,2025-05-23 12:00:13,12,Cultivo3,1,Stationary
2044,29.1875,9.423698,2.242704,0.499490564411381,2.246416,0.5004309692095406,2.238992,0.4905413014048868,2.242704,0.4905413014048868,photos/2025/05/23/photo_20250523_130002.jpg,2025-05-23 13:00:13,13,Cultivo3,1,Stationary
2045,29.3125,9.452995,2.11016,0.4433190225740376,2.139152,0.4446444882105253,2.081168,0.4077753970018298,2.11016,0.4077753970018298,photos/2025/05/23/photo_20250523_140002.jpg,2025-05-23 14:00:13,14,Cultivo3,1,Stationary
2046,29.4375,9.570183,2.1924,0.4569515100051645,2.196048,0.4637727694636673,2.188752,0.4530322725811043,2.1924,0.4530322725811043,photos/2025/05/23/photo_20250523_150002.jpg,2025-05-23 15:00:13,15,Cultivo3,1,Stationary
2047,29.5,9.527864,1.889616,0.4743543549035889,1.94096,0.5018388968583444,1.838272,0.4347957825738423,1.889616,0.4347957825738423,photos/2025/05/23/photo_20250523_160002.jpg,2025-05-23 16:00:13,16,Cultivo3,1,Stationary
2048,29.3125,9.221875,1.875536,0.4235741290683367,1.918,0.4379360683935498,1.833072,0.3791104228374631,1.875536,0.3791104228374631,photos/2025/05/23/photo_20250523_170002.jpg,2025-05-23 17:00:13,17,Cultivo3,1,Stationary
